-8.255659121171771142e-01
-8.182423435419440283e-01
-6.684420772303595326e-01
-5.712383488681758159e-01
-3.402130492676431195e-01
-3.954727030625831974e-01
-7.110519307589880933e-01
-6.531291611185086055e-01
-4.660452729693741469e-01
-6.038615179760319363e-01
-4.387483355525965134e-01
-5.559254327563248888e-01
-5.625832223701731083e-01
-7.802929427430093101e-01
-4.347536617842875928e-01
-6.890812250332889466e-01
-3.981358189081224963e-01
-7.250332889480693987e-01
-6.750998668442077522e-01
-7.589880159786950298e-01
-5.745672436750998147e-01
-7.123834886817576040e-01
-5.346205059920106084e-01
-5.818908122503329006e-01
-5.299600532623168769e-01
-6.571238348868175816e-01
-4.653794940079893361e-01
-6.857523302263648368e-01
-4.014647137150466061e-01
-5.539280958721704007e-01
-6.704394141145140207e-01
-4.993342210386151891e-01
-7.470039946737683234e-01
-6.664447403462050445e-01
-4.314247669773635385e-01
-7.423435419440744809e-01
-6.351531291611185459e-01
-8.581890812250332345e-01
-7.343541944074567507e-01
-5.319573901464713650e-01
-5.339547270306258531e-01
-4.121171770972037462e-01
-6.757656458055925075e-01
-6.398135818908122774e-01
-4.181091877496670994e-01
-6.018641810918774482e-01
-7.436750998668442136e-01
-4.627163781624500927e-01
-7.396804260985351265e-01
-3.668442077230359422e-01
-7.516644474034620549e-01
-4.480692410119840319e-01
-5.798934753661784125e-01
-7.083888149134487389e-01
-4.933422103861517805e-01
-7.310252996005326409e-01
-6.484687083888148740e-01
-3.721704394141145400e-01
-4.627163781624500927e-01
-4.766977363515312871e-01
-1.585661421653301595e-01
-2.241358844891740976e-01
-2.574984499732259069e-01
-2.758196419730332694e-01
-3.463904573382459717e-01
-2.510094396506878933e-01
-1.735630631800181845e-01
-7.250727869032714823e-01
-2.963320627074721991e-01
-1.580652400552491343e-01
-3.732019986046534177e-01
-8.177979921522642304e-01
-7.453209841527670410e-01
-6.628142928621061358e-01
-7.900812362304729941e-01
-6.727161489679994721e-01
-8.538465579476064438e-01
-8.294711239493505195e-01
-5.737476164564183634e-01
-4.006279787057615005e-01
-8.109437107196815209e-01
-8.298971931933450952e-01
-4.766283181985644934e-01
-8.277278319407643803e-01
-8.288579329900491732e-01
-8.346851423286569815e-01
-8.388262161668684769e-01
-7.689540520165181192e-01
-7.797030128106825497e-01
-8.358476668006661336e-01
-8.050480774077645174e-01
-8.593747640229579821e-01
-7.864986629046620825e-01
-8.377018413671806218e-01
-8.595373314903336226e-01
-8.358274304096035001e-01
-7.343821891213614395e-01
-8.527864681557753013e-01
-8.639460482259340157e-01
-8.235345948202139610e-01
-8.406186377934368181e-01
-8.464612693503221763e-01
-8.627879575130341649e-01
-8.339497129782588170e-01
-8.616019059639011823e-01
-8.444007576517055247e-01
-8.418334147779615861e-01
-8.369880798624780294e-01
-7.825405974107103590e-01
-8.200212271477678172e-01
-8.006458842278740828e-01
-8.477197459517296085e-01
-8.441746300638921507e-01
-8.446249416812634525e-01
-8.800649398366557907e-01
-8.168091749640252752e-01
-8.407537893968054510e-01
-7.474146740665683630e-01
-7.735863762340373651e-01
-8.301078697354988822e-01
-2.021290896163899509e-01
-2.161786763932494471e-01
-2.069677992938093181e-01
-2.069555358973816650e-01
-2.029164911911930935e-01
-2.029103396163899620e-01
-2.389558172586663809e-01
-2.776914659748203063e-01
-2.036904546150857809e-01
-2.005290896163899605e-01
-6.157443114321298205e-01
-2.029026433353982029e-01
-4.381275287215729008e-01
-2.103935524263072787e-01
-1.822943788725882863e-01
-3.188933742484623690e-01
-4.511947352764910102e-01
-5.586728262595181960e-01
-2.925054628075963170e-01
-3.070233145974892719e-01
-5.354437421933627705e-01
-6.483662290033584963e-01
-6.038314850125492406e-01
-6.395808852115461018e-01
-3.037074589682002279e-01
-2.293482230037933722e-01
-6.413768973925839667e-01
-7.126207501768812014e-01
-7.178704070278781879e-01
-6.445227883041871886e-01
-6.968062230714321403e-01
-7.798750623238195345e-01
-2.407044721390557973e-01
-5.910657492307367367e-01
-7.764178245514615773e-01
-7.503198581086825136e-01
-7.588950313048202778e-01
-7.230783333654182687e-01
-8.157844765328439163e-01
-8.086757921944839334e-01
-8.678392322877737097e-01
-8.230374896040568711e-01
-8.661165574615307117e-01
-7.854574280868208414e-01
-8.170247511161312648e-01
-8.015483926753818045e-01
-8.757328536344175518e-01
-8.820512319661431011e-01
-8.526870607954816217e-01
-8.716583470220415908e-01
-8.676075544072953116e-01
-8.113887477713090934e-01
-8.081216099044097323e-01
-8.215185887299224499e-01
-8.527353630833414133e-01
-3.758120108686506811e-01
-8.483302057404541463e-01
-8.345319104520937392e-01
-7.375809576570717674e-01
-7.527173774155071495e-01
-1.689778681571419416e-01
-1.104310895145889093e-01
-5.856380333406732003e-02
-1.088224746110297569e-01
-1.135894872364695135e-01
-1.267004721022851610e-01
-1.142036507092350356e-01
-1.921586625758007483e-01
-7.698474007444680578e-02
-4.591978051530554855e-02
-5.703790816612992476e-01
-2.542230923300713430e-01
-2.800341311315605597e-01
-1.722585900656239954e-01
-6.748236322113039254e-01
-3.240705232559293880e-01
-4.155974174622797390e-01
-1.902503181405388322e-01
-3.041720881288058620e-01
-3.508791942387888829e-01
-3.603547454911565917e-01
-3.980143085345618226e-01
-2.784118496962568190e-01
-4.993367652311995752e-01
-1.614975195493607019e-01
-8.128744061451016467e-01
-4.469105517190168908e-01
-6.283265861442320910e-01
-5.007089983656043408e-01
-4.957112380430025445e-01
-7.256068568799669549e-01
-1.119309731279438253e-01
-4.115944781550059939e-01
-5.942566446613994913e-01
-8.049665098376644901e-01
-7.131068252936388907e-01
-5.290267326956441529e-01
-4.622019460915957612e-01
-6.452802201459495457e-01
-6.520870385757504550e-01
-5.632857685494988553e-01
-8.403615088351410467e-01
-5.737778612754611540e-01
-3.248083400640549567e-01
-6.934318057265478341e-01
-8.027998720652584907e-01
-6.881843306567303475e-01
-7.439925652711172344e-01
-7.167089919898154138e-01
-5.951697958823176648e-01
-4.242951948621819236e-01
-7.725722138053142674e-01
-8.541938594431668363e-01
-7.246376627784009150e-01
-8.685153554541080734e-01
-7.794628276495781938e-01
-7.620395391901697568e-01
-6.712548890725253958e-01
-7.791537299612470990e-01
-7.749721051518532189e-01
-3.328888310638593029e-01
-2.930537215338419044e-01
-3.846219332599616902e-01
-3.522149721037216574e-01
-3.262881639313346405e-01
-4.232134745349971361e-01
-2.110155651586730907e-01
-4.153066484848122464e-01
-3.079607310133460341e-01
-2.991327669919166543e-01
-6.583966894763333411e-01
-6.363316181289341289e-01
-3.208018178777616858e-01
-4.098988108133347907e-01
-5.573290010712561582e-01
-6.777753985357145572e-01
-6.378637662210971948e-01
-6.293980956471234567e-01
-6.089838538762406550e-01
-7.230879263510018307e-01
-6.963990993050318545e-01
-6.312389077747788679e-01
-6.671858647574814283e-01
-6.236391186053797941e-01
-6.764754707853291027e-01
-7.315052704935434136e-01
-5.914178823949298724e-01
-6.341443987816746120e-01
-6.708892068813051557e-01
-7.028500980672686138e-01
-5.070814358307773606e-01
-4.215138087799569777e-01
-5.401762805529267686e-01
-6.244881243315960617e-01
-6.829347377123622387e-01
-7.106924049583651648e-01
-6.383476167490966802e-01
-6.553756389032320273e-01
-6.929393435347905861e-01
-5.644016269556215715e-01
-5.866576815257988908e-01
-6.372708585017001770e-01
-7.000227789894791774e-01
-6.921910028597599851e-01
-6.243121131763424980e-01
-7.151615054886721889e-01
-7.098350926983185705e-01
-5.954474383149912509e-01
-6.487441738341651609e-01
-7.276319206108494697e-01
-7.121011405014289197e-01
-6.564515056135523663e-01
-6.935385142749999066e-01
-6.420793704184523110e-01
-6.623539388618405743e-01
-6.560425298115627468e-01
-6.922058359300300445e-01
-7.417286286744457779e-01
-7.232744471827627919e-01
-7.185944094507996649e-01
-1.736811212972901031e-01
-2.041539710993430512e-01
-1.809568503017256469e-01
-1.820960736306117267e-01
-1.658610030084982645e-01
-1.671317462542050158e-01
-1.750343876035984625e-01
-2.370789241732768338e-01
-1.455284692779429123e-01
-1.784927546016665256e-01
-3.436522095220787554e-01
-4.627918815760820870e-01
-1.761660987566320002e-01
-1.614225090130422535e-01
-3.832011877084284257e-01
-3.414342276382901775e-01
-2.454191259292368699e-01
-5.126736915760184976e-01
-6.401691389561893208e-01
-1.867658752709706049e-01
-2.779479143871306790e-01
-2.940825009648856403e-01
-2.923982573499516735e-01
-3.129938812810224569e-01
-3.965680702700616345e-01
-4.893814690457697902e-01
-3.955764580354267368e-01
-1.922745881264833201e-01
-3.153633351413945851e-01
-4.559007412969982020e-01
-3.439518157082471772e-01
-3.971056608424666790e-01
-7.494595781870337925e-01
-3.241332893576825414e-01
-3.571949944171314284e-01
-3.429065681459012027e-01
-5.106237199254690662e-01
-3.987597734790148674e-01
-3.673131616165312696e-01
-6.419877185312058421e-01
-6.011429765968766548e-01
-4.688591755862351884e-01
-1.643005963969399741e-01
-6.689904972972875452e-01
-4.392257787833583893e-01
-5.935703903576713403e-01
-2.396327957877597559e-01
-6.699993364216353386e-01
-6.625803293809952033e-01
-5.561412346016103569e-01
-5.761585116223707503e-01
-3.507931309067155445e-01
-5.771400804929782691e-01
-5.352968725643392212e-01
-5.772230770842765590e-01
-6.293694300455185964e-01
-6.971711371225013387e-01
-7.373015017313558905e-01
-3.668249238759692665e-01
-5.266394576671503680e-01
-5.296953967346815922e-02
-8.091031998984310469e-02
-4.814937829372680639e-02
-6.496275857541695953e-02
-6.411250405213189674e-02
-7.339990439794892574e-02
-1.743053474908308753e-01
-2.051064089226060649e-01
-6.793384780830609426e-02
-1.307389350631101288e-01
-9.344993535533929752e-02
-7.462927732412778792e-02
-1.207622752032591340e-01
-1.479006993682026316e-01
-1.827153225454985486e-01
-5.527025111458583329e-02
-1.315787118972935321e-01
-2.530247485934217777e-01
-1.535063387832633075e-01
-1.697198136154266790e-01
-2.208621460218767873e-01
-5.005328184452586537e-01
-7.392743476576921213e-02
-1.489519171602493308e-01
-5.376861369694008186e-01
-2.110987034610189161e-01
-2.231842662014985879e-01
-4.196266973752731388e-01
-2.384102176263603323e-01
-3.416436228095469652e-01
-1.742538704263612848e-01
-5.328305115514166967e-01
-2.091980925471726704e-01
-6.760803508122268379e-01
-6.507113997421895002e-01
-3.666448948476711545e-01
-6.934247012697680734e-01
-5.314139394751136170e-01
-7.128176885686825504e-01
-4.288635281814786593e-01
-6.004901713684430709e-01
-5.856417040970478549e-01
-6.861479780244200688e-01
-5.820589976546558519e-01
-7.021097130783314766e-01
-6.067311465789603231e-01
-6.772966068459986833e-01
-3.149886283014059485e-01
-6.700108541296796449e-01
-6.534234983907906136e-01
-5.060034343208060781e-01
-7.136884712130048269e-01
-4.965457548805101706e-01
-4.733460524626815769e-01
-5.073853177561987726e-01
-2.720017471172248569e-01
-5.878958441768191712e-01
-6.838143835224738121e-01
-4.092060311685782326e-01
-7.044599161569278234e-01
