-3.162450066577895957e-01
-3.754993342210385943e-01
-7.170439414114514465e-01
-6.098535286284952894e-01
-5.266311584553927672e-01
-3.641810918774966987e-01
-6.384820239680426557e-01
-2.263648468708388817e-01
-7.649800266311584940e-01
-7.936085219707057492e-01
-5.952063914780293397e-01
-7.110519307589880933e-01
-8.202396804260986274e-01
-7.150466045272968474e-01
-3.608521970705725335e-01
-5.119840213049268174e-01
-4.567243675099866840e-01
-7.676431424766977374e-01
-6.364846870838881676e-01
-5.346205059920106084e-01
-4.294274300932090505e-01
-5.852197070572570103e-01
-6.611185086551264467e-01
-5.113182423435419510e-01
-5.306258322237017433e-01
-5.252996005326231455e-01
-7.556591211717709200e-01
-8.255659121171771142e-01
-6.245006657789613502e-01
-4.141145139813581788e-01
-3.948069241011983865e-01
-5.699067909454060832e-01
-7.143808255659120920e-01
-3.515312916111850705e-01
-3.741677762982689726e-01
-7.010652463382157640e-01
-4.134487350199733680e-01
-6.364846870838881676e-01
-6.065246338215712907e-01
-7.170439414114514465e-01
-3.761651131824234606e-01
-5.525965379494007790e-01
-4.786950732356857752e-01
-3.395472703062583086e-01
-3.681757656458056194e-01
-7.423435419440744809e-01
-3.195739014647137055e-01
-4.960053262316910794e-01
-4.833555259653795066e-01
-3.888149134487350334e-01
-3.635153129161118879e-01
-4.387483355525965134e-01
-3.581890812250333456e-01
-3.608521970705725335e-01
-6.411451398135818991e-01
-2.536617842876164874e-01
-7.090545938748336052e-01
-8.122503328894806751e-01
-5.978695073235685831e-01
-5.652463382157123517e-01
-1.395611920921842608e-01
-1.539604461507538824e-01
-1.286444427876512753e-01
-1.692437193570116016e-01
-1.354977081493156377e-01
-2.050681751579789547e-01
-1.702683693581905078e-01
-3.328728001729194252e-01
-1.739182126999054001e-01
-1.356085354233299289e-01
-6.884886533975208556e-01
-3.332909613925089665e-01
-2.819602537713551405e-01
-2.254433959284423694e-01
-1.320569873652774617e-01
-4.211790024837208657e-01
-6.787840978207924092e-01
-4.459848810759549087e-01
-5.639458988623774482e-01
-6.308140253375358331e-01
-6.138934804442373050e-01
-6.300738223343362865e-01
-7.212145401797057653e-01
-3.840622717272104691e-01
-7.563437405775209621e-01
-4.501681941412679633e-01
-6.111707040988464401e-01
-4.837934302573280720e-01
-3.808953168303694792e-01
-7.752551894953297884e-01
-4.999294759384453890e-01
-7.384590104970218949e-01
-6.681410485584833303e-01
-7.059280544715570427e-01
-8.060832362020292630e-01
-7.488003159011201726e-01
-7.403540166522714072e-01
-6.924915573246493983e-01
-7.054339497503729906e-01
-6.298648080275199845e-01
-6.118419565305990293e-01
-5.825341175001954586e-01
-7.316289498846332284e-01
-5.306623364080963468e-01
-4.618376720272805436e-01
-6.387408523079176614e-01
-7.083465524660932378e-01
-7.504333326665856285e-01
-1.517829256175404762e-01
-6.590104004096734025e-01
-6.320788619059960478e-01
-6.963628150580539744e-01
-5.676302123170519076e-01
-6.570561556010131588e-01
-7.121521386753936200e-01
-6.387088916320271537e-01
-6.787775559448772089e-01
-7.705461695162543201e-01
-7.455891850081746153e-01
-2.085228851969385955e-01
-2.289007431596970510e-01
-2.045681140066338555e-01
-2.029164911911930935e-01
-2.078335846778694707e-01
-1.822943788725882863e-01
-1.833790896163899342e-01
-1.943669928421963844e-01
-2.029555358973816614e-01
-2.330302801932117307e-01
-2.451673074001425867e-01
-2.134608330674801491e-01
-2.143779641712511841e-01
-2.076409006400120050e-01
-2.527988921965942937e-01
-1.927540896163899287e-01
-2.068534990652088346e-01
-2.086600309588612367e-01
-1.943544993212743821e-01
-2.435662781818239697e-01
-2.692198534149722322e-01
-2.651460909770027574e-01
-1.736329615497536338e-01
-2.405308071529601022e-01
-1.905588416825056419e-01
-2.091603396163899675e-01
-2.267272545151990948e-01
-1.726621642653182465e-01
-1.951295977464712339e-01
-4.898031917508126054e-01
-5.102144208993215635e-01
-3.455792761949991743e-01
-2.729864869613499168e-01
-4.339699922604339788e-01
-3.762787033891233368e-01
-2.612123343485289739e-01
-2.816916115809571797e-01
-3.765296470016292196e-01
-3.882354007047024713e-01
-3.491660704983717833e-01
-3.627840425745632036e-01
-2.193564287408256708e-01
-3.527226174893574595e-01
-2.723220536699463845e-01
-4.547427966925569054e-01
-3.034959936760606158e-01
-2.529565485533157854e-01
-3.730031826631222125e-01
-2.392812132233231304e-01
-2.163751213112476424e-01
-3.495955156232072314e-01
-2.863755023377159703e-01
-4.432176491450007250e-01
-5.768361512804275337e-01
-3.216391336984187332e-01
-2.715800045344799463e-01
-3.741118403506712431e-01
-4.094113651036547230e-01
-3.065291391695713630e-01
-4.155307051304680810e-01
-3.212057012815488499e-01
-8.161655922679014741e-02
-9.980554080853357157e-02
-8.118291231669867714e-02
-1.592147375694858424e-01
-1.240059997478629439e-01
-7.889041637095194071e-02
-8.917686325550427950e-02
-2.267010140481476588e-01
-9.324571834269547443e-02
-2.396177651845800283e-01
-1.779913062598483253e-01
-1.552301999542612942e-01
-1.479251726801937838e-01
-1.890734691749909602e-01
-1.864322860518582425e-01
-1.385647768952506242e-01
-8.105080660995393760e-02
-1.492299062051274383e-01
-1.146859231019674852e-01
-1.530215533377199399e-01
-1.520137840390995421e-01
-2.568042933945815509e-01
-2.685647451907323680e-01
-3.252687410944311575e-01
-1.875856877194572725e-01
-1.778755620918568148e-01
-3.587754098450882667e-01
-1.559909513903737222e-01
-1.085627380182181134e-01
-2.195025145893035601e-01
-2.422634885380820502e-01
-4.027169450884773849e-01
-1.960703830390920221e-01
-1.713374858659498234e-01
-1.265125777581928568e-01
-2.480335409902170163e-01
-2.287798512122236061e-01
-2.493114021389094825e-01
-2.066547171295524676e-01
-2.122599846602935825e-01
-2.921144364074632627e-01
-1.326796498501875976e-01
-5.212698017282332286e-01
-2.596504685157466907e-01
-2.212917831590157092e-01
-1.644801903240484531e-01
-1.411107992427858282e-01
-3.393957322658047726e-01
-3.221064477753022293e-01
-6.760085148165992375e-02
-3.460814650945303050e-01
-2.379212771849320285e-01
-3.168018329293314506e-01
-2.746335772809721520e-01
-1.503380323280119335e-01
-2.795399015641494289e-01
-2.692057638640357742e-01
-1.150239208526770140e-01
-1.580104556783172298e-01
-3.845733174620608041e-01
-4.083130901388144496e-01
-3.650182989523262922e-01
-2.948274159957967600e-01
-7.337552859226006974e-02
-1.451207842702888495e-01
-1.602076529390589477e-01
-2.537662389243350303e-01
-3.373085959847529902e-01
-1.334963017319094336e-01
-3.422375116487119118e-01
-3.173059450826915540e-01
-2.703748271809854886e-01
-1.863183467869282406e-01
-2.725212719189892274e-01
-4.121265763655078129e-01
-3.474643377930095034e-01
-1.495319549800924464e-01
-1.849397033349748365e-01
-1.302024447951953268e-01
-4.076638633743863704e-01
-4.949547616423322083e-01
-4.185176386248755653e-01
-4.124728870290766958e-01
-3.746828986682868567e-01
-4.029331502840847179e-01
-4.079028491541347168e-01
-4.894106529993272892e-01
-3.868738717558484197e-01
-3.223669049709436130e-01
-3.772234603475039250e-01
-4.287929028689720923e-01
-3.504346831450807498e-01
-3.620379922208593615e-01
-4.234864001683892876e-01
-3.961566238435673126e-01
-3.422828648420018771e-01
-2.173363797803155584e-01
-4.758229183125082251e-01
-1.665232138083636571e-01
-2.525218816608507111e-01
-4.126518504280952682e-01
-3.849831234167118144e-01
-3.306934553106634089e-01
-2.140276075151905655e-01
-3.622035944183191192e-01
-3.852058116779050190e-01
-2.580084156683931096e-01
-4.828000989631492379e-01
-4.664950295812581582e-01
-2.697124862608996643e-01
-4.606143136585253428e-01
-2.857315785653926632e-01
-2.769459857212898668e-01
-3.246814691503014383e-01
-3.605693975464451251e-01
-3.466504286020151704e-01
-4.751986121449937039e-01
-4.079759518461386625e-01
-3.139620359224649104e-01
-3.347753389008248925e-01
-1.854929011678624062e-01
-1.672711871454204413e-01
-1.520234383431981473e-01
-1.805858923645385916e-01
-2.029598425796133587e-01
-1.809053483271141904e-01
-2.274781176958619588e-01
-1.780999149446830243e-01
-1.629127599920134339e-01
-1.797419649746324344e-01
-2.311585410907388005e-01
-1.781785409019278066e-01
-1.807209387005211387e-01
-2.797147913072038361e-01
-2.076650648584904835e-01
-2.310703238298461026e-01
-1.923752851102420447e-01
-1.779779828856915547e-01
-1.675433225611338561e-01
-1.780153064442752675e-01
-2.096006588334003717e-01
-2.018601005466626463e-01
-2.433402549487587996e-01
-3.514103450484687974e-01
-2.326572096151146296e-01
-2.450107778036560435e-01
-1.857999939507828380e-01
-2.084772092984374381e-01
-1.927248712549493315e-01
-1.742087126660411267e-01
-2.406809587278732621e-01
-2.476880614237503830e-01
-2.516301061489755742e-01
-1.948681249413582450e-01
-1.787703883875824962e-01
-1.954016402347657777e-01
-2.078800384399154821e-01
-1.600234135907985245e-01
-3.096790261032054126e-01
-3.265803191502555380e-01
-1.908295577557433398e-01
-1.973255590955989569e-01
-2.528017305577713314e-01
-1.750717736556843818e-01
-2.126752311626065040e-01
-2.163697776875825318e-01
-2.706086752499576864e-01
-1.906657942285636953e-01
-3.469724369336947833e-01
-4.293578712567510669e-01
-3.613788218311124179e-01
-1.812036164963879703e-01
-1.754209110241673475e-01
-1.926497221737708543e-01
-4.253491050790323413e-01
-2.928341163593376484e-01
-5.247709918724039468e-01
-3.671213630430106289e-01
-4.022548321529389459e-01
-4.039738778171907407e-01
-1.358160828108834206e-01
-1.366508430487927972e-01
-1.695163350214217712e-01
-1.322661957613345263e-01
-1.461706678172053353e-01
-1.374089520488947502e-01
-2.078194064293391041e-01
-1.167812248895690186e-01
-8.152834089688780483e-02
-2.032819525884896339e-01
-1.791365671188344111e-01
-1.776441149518729057e-01
-1.220522692067091131e-01
-1.928720459270981402e-01
-1.426080061805307664e-01
-1.640426434988393745e-01
-1.222681632296255261e-01
-1.509624302162305420e-01
-1.750681330659069612e-01
-8.015271644215467284e-02
-1.158137168768946512e-01
-2.301108717204097265e-01
-1.288624369527497371e-01
-2.057435769337955800e-01
-2.077548662948117408e-01
-2.045954354915963669e-01
-2.275334095623181008e-01
-8.206836381873880426e-02
-2.266848931585237481e-01
-2.517011196923215066e-01
-2.323224250270970459e-01
-2.811662810835433013e-01
-1.278093188333728203e-01
-1.280558272104270201e-01
-2.424238045625723981e-01
-1.768894491806361491e-01
-2.082565120144310167e-01
-2.705128597862394568e-01
-1.631300115310478083e-01
-2.770212769617165227e-01
-1.534934194638524207e-01
-1.605673582906438079e-01
-1.050249820381272264e-01
-1.895564708381247132e-01
-8.273896107846459569e-02
-1.516653340829964836e-01
-1.521008686888791761e-01
-1.436615321292145919e-01
-2.334022804368690029e-01
-9.983507575864805639e-02
-1.550215420671179900e-01
-2.310198452717899809e-01
-1.623785098599513088e-01
-2.351871475352581842e-01
-8.324152417814077720e-02
-2.230224140378917475e-01
-3.624715156330059473e-01
-1.046797164821665627e-01
-1.679997365171974066e-01
-3.578031660003296865e-01
