-4.861784209727638695e-01
-2.392160966916881681e-01
-5.470723957381939950e-01
-1.538269529719736850e-01
-3.733847491986734823e-01
-1.885147780554434216e-01
-4.884785143191797130e-01
-2.312853151209569302e-01
-4.892869301060754350e-01
-6.223847737441666750e-01
-3.288286713779146608e-01
-2.041494642020903749e-01
-1.972293604586338178e-01
-6.882359948903621349e-01
-6.921258569413689665e-01
-6.985860873867004717e-01
-6.422391635759430173e-01
-6.734008375991408224e-01
-6.370971068779096580e-01
-6.868803158824682287e-01
-6.849720519984886513e-01
-6.976656395358309393e-01
-3.626178510697454227e-01
-6.776640278047298960e-01
-6.331071558732130899e-01
-6.835266492649874071e-01
-6.383016076467751265e-01
-6.598642778461266678e-01
-6.749509605519762312e-01
-6.402478888503519983e-01
-6.420999024466891303e-01
-6.596614322295294430e-01
-6.403281183649476294e-01
-6.998958663736706276e-01
-7.086341578729115076e-01
-4.659076821344393382e-01
-6.848077631725238978e-01
-5.996229009214524286e-01
-6.872318373788323109e-01
-4.509241225500173478e-01
-6.550547018260297616e-01
-7.036153536765179517e-01
-7.060351778077427198e-01
-5.607703676035548090e-01
-6.938201869482503170e-01
-1.797210325974271661e-01
-6.167594379121591475e-01
-6.717307997386663398e-01
-6.027508471911778853e-01
-6.698379320943869120e-01
-6.822330780214560519e-01
-6.530062860778815814e-01
-7.003283185799420441e-01
-6.126046902728835564e-01
-6.934174919851530117e-01
-6.288473101689986411e-01
-6.988877089352080185e-01
-6.567012248430440513e-01
-6.619720806915693201e-01
-6.105558370669527113e-01
