-3.162450066577895957e-01
-3.754993342210385943e-01
-7.170439414114514465e-01
-6.098535286284952894e-01
-5.266311584553927672e-01
-3.641810918774966987e-01
-6.384820239680426557e-01
-2.263648468708388817e-01
-7.649800266311584940e-01
-7.936085219707057492e-01
-5.952063914780293397e-01
-7.110519307589880933e-01
-8.202396804260986274e-01
-7.150466045272968474e-01
-3.608521970705725335e-01
-5.119840213049268174e-01
-4.567243675099866840e-01
-7.676431424766977374e-01
-6.364846870838881676e-01
-5.346205059920106084e-01
-4.294274300932090505e-01
-5.852197070572570103e-01
-6.611185086551264467e-01
-5.113182423435419510e-01
-5.306258322237017433e-01
-5.252996005326231455e-01
-7.556591211717709200e-01
-8.255659121171771142e-01
-6.245006657789613502e-01
-4.141145139813581788e-01
-3.948069241011983865e-01
-5.699067909454060832e-01
-7.143808255659120920e-01
-3.515312916111850705e-01
-3.741677762982689726e-01
-7.010652463382157640e-01
-4.134487350199733680e-01
-6.364846870838881676e-01
-6.065246338215712907e-01
-7.170439414114514465e-01
-3.761651131824234606e-01
-5.525965379494007790e-01
-4.786950732356857752e-01
-3.395472703062583086e-01
-3.681757656458056194e-01
-7.423435419440744809e-01
-3.195739014647137055e-01
-4.960053262316910794e-01
-4.833555259653795066e-01
-3.888149134487350334e-01
-3.635153129161118879e-01
-4.387483355525965134e-01
-3.581890812250333456e-01
-3.608521970705725335e-01
-6.411451398135818991e-01
-2.536617842876164874e-01
-7.090545938748336052e-01
-8.122503328894806751e-01
-5.978695073235685831e-01
-5.652463382157123517e-01
-3.708388814913448628e-01
-3.695073235685752411e-01
-4.234354194407456973e-01
-4.274300932090546179e-01
-3.242343541944074370e-01
-4.700399467376830676e-01
-3.675099866844207530e-01
-5.712383488681758159e-01
-4.001331557922769289e-01
-3.781624500665778932e-01
-5.286284953395472552e-01
-4.573901464713714948e-01
-4.840213049267643175e-01
-5.086551264980027076e-01
-3.601864181091877226e-01
-5.439414114513981824e-01
-5.672436750998668398e-01
-4.607190412782956046e-01
-4.600532623169107937e-01
-5.206391478029294140e-01
-5.000000000000000000e-01
-5.259653794940080118e-01
-4.241011984021305081e-01
-6.990679094540612482e-02
-3.708388814913448628e-01
-4.727030625832223665e-01
-3.635153129161118879e-01
-4.727030625832223665e-01
-3.948069241011983865e-01
-5.053262316910785978e-01
-5.532623169107856453e-01
-5.619174434087882419e-01
-3.568575233022636684e-01
-5.006657789613848664e-01
-3.508655126498002597e-01
-5.399467376830892063e-01
-4.260985352862849407e-01
-5.486018641810919139e-01
-5.286284953395472552e-01
-5.712383488681758159e-01
-5.053262316910785978e-01
-5.639147802929427300e-01
-5.505992010652462909e-01
-5.412782956058588280e-01
-4.667110519307590133e-01
-5.346205059920106084e-01
-5.559254327563248888e-01
-5.266311584553927672e-01
-5.466045272969374258e-01
-5.492676431424766692e-01
-4.960053262316910794e-01
-5.692410119840213278e-01
-5.312916111850864986e-01
-6.005326231691078265e-01
-5.246338215712383901e-01
-5.945406125166444733e-01
-5.572569906790945105e-01
-5.046604527296937315e-01
-6.278295605858854600e-01
-5.918774966711052299e-01
-8.255659121171771142e-01
-8.182423435419440283e-01
-6.684420772303595326e-01
-5.712383488681758159e-01
-3.402130492676431195e-01
-3.954727030625831974e-01
-7.110519307589880933e-01
-6.531291611185086055e-01
-4.660452729693741469e-01
-6.038615179760319363e-01
-4.387483355525965134e-01
-5.559254327563248888e-01
-5.625832223701731083e-01
-7.802929427430093101e-01
-4.347536617842875928e-01
-6.890812250332889466e-01
-3.981358189081224963e-01
-7.250332889480693987e-01
-6.750998668442077522e-01
-7.589880159786950298e-01
-5.745672436750998147e-01
-7.123834886817576040e-01
-5.346205059920106084e-01
-5.818908122503329006e-01
-5.299600532623168769e-01
-6.571238348868175816e-01
-4.653794940079893361e-01
-6.857523302263648368e-01
-4.014647137150466061e-01
-5.539280958721704007e-01
-6.704394141145140207e-01
-4.993342210386151891e-01
-7.470039946737683234e-01
-6.664447403462050445e-01
-4.314247669773635385e-01
-7.423435419440744809e-01
-6.351531291611185459e-01
-8.581890812250332345e-01
-7.343541944074567507e-01
-5.319573901464713650e-01
-5.339547270306258531e-01
-4.121171770972037462e-01
-6.757656458055925075e-01
-6.398135818908122774e-01
-4.181091877496670994e-01
-6.018641810918774482e-01
-7.436750998668442136e-01
-4.627163781624500927e-01
-7.396804260985351265e-01
-3.668442077230359422e-01
-7.516644474034620549e-01
-4.480692410119840319e-01
-5.798934753661784125e-01
-7.083888149134487389e-01
-4.933422103861517805e-01
-7.310252996005326409e-01
-6.484687083888148740e-01
-3.721704394141145400e-01
-4.627163781624500927e-01
-4.766977363515312871e-01
-4.054593874833555267e-01
-5.073235685752329749e-01
-3.189081225033288947e-01
-3.475366178428761499e-01
-4.001331557922769289e-01
-4.474034620505992210e-01
-3.761651131824234606e-01
-6.258322237017309719e-01
-7.876165113182423960e-01
-5.099866844207723293e-01
-4.620505992010652263e-01
-5.918774966711052299e-01
-6.051930758988015580e-01
-3.834886817576563800e-01
-6.651131824234354228e-01
-6.964047936085219215e-01
-3.535286284953395586e-01
-6.611185086551264467e-01
-3.768308921438082160e-01
-6.930758988015979227e-01
-8.548601864181092358e-01
-4.620505992010652263e-01
-4.573901464713714948e-01
-5.665778961384819734e-01
-2.956058588548601818e-01
-8.302263648468708457e-01
-6.757656458055925075e-01
-5.266311584553927672e-01
-4.640479360852197144e-01
-7.316910785619173963e-01
-8.142476697736351632e-01
-5.466045272969374258e-01
-5.306258322237017433e-01
-7.902796271637816394e-01
-8.002663115845538577e-01
-7.589880159786950298e-01
-5.705725699067909495e-01
-7.396804260985351265e-01
-5.059920106524633532e-01
-6.125166444740346439e-01
-6.071904127829560460e-01
-4.547270306258321959e-01
-2.996005326231691024e-01
-3.695073235685752411e-01
-6.418109187749667655e-01
-6.311584553928095698e-01
-8.122503328894806751e-01
-4.633821571238349035e-01
-7.117177097203728486e-01
-6.298268974700399481e-01
-7.563249001331557864e-01
-7.363515312916112387e-01
-6.165113182423435090e-01
-7.103861517976032269e-01
-4.860186418109187501e-01
-8.095872170439414317e-01
-8.082556591211718100e-01
-5.619174434087882419e-01
-7.796271637816245548e-01
-3.315579227696404674e-01
-1.395611920921842608e-01
-1.539604461507538824e-01
-1.286444427876512753e-01
-1.692437193570116016e-01
-1.354977081493156377e-01
-2.050681751579789547e-01
-1.702683693581905078e-01
-3.328728001729194252e-01
-1.739182126999054001e-01
-1.356085354233299289e-01
-6.884886533975208556e-01
-3.332909613925089665e-01
-2.819602537713551405e-01
-2.254433959284423694e-01
-1.320569873652774617e-01
-4.211790024837208657e-01
-6.787840978207924092e-01
-4.459848810759549087e-01
-5.639458988623774482e-01
-6.308140253375358331e-01
-6.138934804442373050e-01
-6.300738223343362865e-01
-7.212145401797057653e-01
-3.840622717272104691e-01
-7.563437405775209621e-01
-4.501681941412679633e-01
-6.111707040988464401e-01
-4.837934302573280720e-01
-3.808953168303694792e-01
-7.752551894953297884e-01
-4.999294759384453890e-01
-7.384590104970218949e-01
-6.681410485584833303e-01
-7.059280544715570427e-01
-8.060832362020292630e-01
-7.488003159011201726e-01
-7.403540166522714072e-01
-6.924915573246493983e-01
-7.054339497503729906e-01
-6.298648080275199845e-01
-6.118419565305990293e-01
-5.825341175001954586e-01
-7.316289498846332284e-01
-5.306623364080963468e-01
-4.618376720272805436e-01
-6.387408523079176614e-01
-7.083465524660932378e-01
-7.504333326665856285e-01
-1.517829256175404762e-01
-6.590104004096734025e-01
-6.320788619059960478e-01
-6.963628150580539744e-01
-5.676302123170519076e-01
-6.570561556010131588e-01
-7.121521386753936200e-01
-6.387088916320271537e-01
-6.787775559448772089e-01
-7.705461695162543201e-01
-7.455891850081746153e-01
-2.085228851969385955e-01
-1.633471316701619602e-01
-1.534868489057886198e-01
-1.162704441623973600e-01
-1.335422477411474795e-01
-1.797614592229779817e-01
-1.344628174766444029e-01
-1.327904176579743356e-01
-2.572289408396245536e-01
-1.541435183463175651e-01
-1.775742719256462598e-01
-1.229192943970323498e-01
-3.666301165638045090e-01
-2.741440676399568566e-01
-3.870973929176372841e-01
-4.037533887651666431e-01
-4.067987964275991963e-01
-3.863089339008359824e-01
-2.632949751231924984e-01
-3.534850350976931344e-01
-2.322929457908130269e-01
-4.590095180223710547e-01
-4.694141454920036094e-01
-3.795061053576883059e-01
-3.287233027581714095e-01
-3.764894705476495851e-01
-4.905403800188429808e-01
-4.404985624797623234e-01
-4.114091099421678388e-01
-2.709800978589286813e-01
-4.468858340205107416e-01
-4.111631090805383804e-01
-4.420027641698255350e-01
-4.457977960010584551e-01
-4.792868362081620370e-01
-3.906876736616045065e-01
-3.893602270370027929e-01
-3.857806993375651472e-01
-3.293700435634115964e-01
-3.313564118283750526e-01
-3.441128388670467442e-01
-3.494325733447238846e-01
-3.551807578848463764e-01
-3.921384857471125196e-01
-3.429978850174275617e-01
-3.339750831758067640e-01
-3.907859685142032191e-01
-3.636843554618277019e-01
-4.370469584699706589e-01
-3.530147846309473758e-01
-3.959973566508510068e-01
-4.800791292667622723e-01
-4.418610962849461865e-01
-4.146329130828020904e-01
-3.253773428052372241e-01
-4.205461536207821815e-01
-3.818454808639382136e-01
-3.364507249082720475e-01
-4.325100824145537426e-01
-3.659416512753502770e-01
-3.092311849634798437e-01
-1.585661421653301595e-01
-2.241358844891740976e-01
-2.574984499732259069e-01
-2.758196419730332694e-01
-3.463904573382459717e-01
-2.510094396506878933e-01
-1.735630631800181845e-01
-7.250727869032714823e-01
-2.963320627074721991e-01
-1.580652400552491343e-01
-3.732019986046534177e-01
-8.177979921522642304e-01
-7.453209841527670410e-01
-6.628142928621061358e-01
-7.900812362304729941e-01
-6.727161489679994721e-01
-8.538465579476064438e-01
-8.294711239493505195e-01
-5.737476164564183634e-01
-4.006279787057615005e-01
-8.109437107196815209e-01
-8.298971931933450952e-01
-4.766283181985644934e-01
-8.277278319407643803e-01
-8.288579329900491732e-01
-8.346851423286569815e-01
-8.388262161668684769e-01
-7.689540520165181192e-01
-7.797030128106825497e-01
-8.358476668006661336e-01
-8.050480774077645174e-01
-8.593747640229579821e-01
-7.864986629046620825e-01
-8.377018413671806218e-01
-8.595373314903336226e-01
-8.358274304096035001e-01
-7.343821891213614395e-01
-8.527864681557753013e-01
-8.639460482259340157e-01
-8.235345948202139610e-01
-8.406186377934368181e-01
-8.464612693503221763e-01
-8.627879575130341649e-01
-8.339497129782588170e-01
-8.616019059639011823e-01
-8.444007576517055247e-01
-8.418334147779615861e-01
-8.369880798624780294e-01
-7.825405974107103590e-01
-8.200212271477678172e-01
-8.006458842278740828e-01
-8.477197459517296085e-01
-8.441746300638921507e-01
-8.446249416812634525e-01
-8.800649398366557907e-01
-8.168091749640252752e-01
-8.407537893968054510e-01
-7.474146740665683630e-01
-7.735863762340373651e-01
-8.301078697354988822e-01
-1.716182180915418187e-01
-2.185229755371041471e-01
-1.394076998079429031e-01
-1.488018416509280240e-01
-1.495137765772741045e-01
-1.266004925546701521e-01
-1.747309380141164881e-01
-3.199865429039374654e-01
-2.076877329878177303e-01
-2.057108307729579866e-01
-5.858511005459779986e-01
-4.305030696490120268e-01
-2.652644673538181452e-01
-3.351877593177245429e-01
-2.504568651858881667e-01
-4.886456082544560209e-01
-4.864333845644943644e-01
-3.612560208640930304e-01
-3.920632782328263843e-01
-6.016315158018177289e-01
-4.692034434093280693e-01
-5.881972311968866052e-01
-4.897434176248459670e-01
-6.643303208913179381e-01
-5.010701491471732938e-01
-5.102467664630109256e-01
-6.488644374280859717e-01
-6.034645684108728148e-01
-4.045401162531476191e-01
-6.073525801876007435e-01
-4.897544673489363509e-01
-6.454153117648974147e-01
-6.723453534000318754e-01
-6.535074965315782469e-01
-6.999878567751821601e-01
-6.751072286199126804e-01
-6.093078731814218774e-01
-6.368863919461998924e-01
-6.129606850968816190e-01
-6.310455303905658786e-01
-7.162410009521366083e-01
-5.213070798475599732e-01
-6.509617779122177650e-01
-4.852502460896607195e-01
-6.292412728336829186e-01
-5.705280968492095761e-01
-6.513812568395186409e-01
-5.278940707772921126e-01
-6.907824572313162603e-01
-6.174361742931617769e-01
-6.051820612058080862e-01
-6.606545091434672390e-01
-5.652091343526559619e-01
-7.084859391621091129e-01
-7.373038591533043196e-01
-6.935153733254212360e-01
-6.482782336938692769e-01
-6.471446009939398891e-01
-6.809765385447739128e-01
-5.852945257026914705e-01
-2.289007431596970510e-01
-2.045681140066338555e-01
-2.029164911911930935e-01
-2.078335846778694707e-01
-1.822943788725882863e-01
-1.833790896163899342e-01
-1.943669928421963844e-01
-2.029555358973816614e-01
-2.330302801932117307e-01
-2.451673074001425867e-01
-2.134608330674801491e-01
-2.143779641712511841e-01
-2.076409006400120050e-01
-2.527988921965942937e-01
-1.927540896163899287e-01
-2.068534990652088346e-01
-2.086600309588612367e-01
-1.943544993212743821e-01
-2.435662781818239697e-01
-2.692198534149722322e-01
-2.651460909770027574e-01
-1.736329615497536338e-01
-2.405308071529601022e-01
-1.905588416825056419e-01
-2.091603396163899675e-01
-2.267272545151990948e-01
-1.726621642653182465e-01
-1.951295977464712339e-01
-4.898031917508126054e-01
-5.102144208993215635e-01
-3.455792761949991743e-01
-2.729864869613499168e-01
-4.339699922604339788e-01
-3.762787033891233368e-01
-2.612123343485289739e-01
-2.816916115809571797e-01
-3.765296470016292196e-01
-3.882354007047024713e-01
-3.491660704983717833e-01
-3.627840425745632036e-01
-2.193564287408256708e-01
-3.527226174893574595e-01
-2.723220536699463845e-01
-4.547427966925569054e-01
-3.034959936760606158e-01
-2.529565485533157854e-01
-3.730031826631222125e-01
-2.392812132233231304e-01
-2.163751213112476424e-01
-3.495955156232072314e-01
-2.863755023377159703e-01
-4.432176491450007250e-01
-5.768361512804275337e-01
-3.216391336984187332e-01
-2.715800045344799463e-01
-3.741118403506712431e-01
-4.094113651036547230e-01
-3.065291391695713630e-01
-4.155307051304680810e-01
-3.212057012815488499e-01
-1.971052209813592693e-01
-2.165290896163899192e-01
-2.354494148196419889e-01
-1.900985607101874919e-01
-1.840188533959175032e-01
-2.021290896163899509e-01
-1.620627164958388100e-01
-2.317832356498886470e-01
-1.845420977464712342e-01
-2.029355412292931649e-01
-4.357013135319986463e-01
-4.111782493913749836e-01
-1.936704911573332022e-01
-2.011955885500076868e-01
-2.756638582254983261e-01
-1.771933407754304468e-01
-4.476871988691114579e-01
-6.563912140484237101e-01
-4.528538763248904919e-01
-1.895403959430676522e-01
-4.096911902516626180e-01
-3.602833718186854162e-01
-4.001764382637967299e-01
-4.754279511430158922e-01
-1.980457289868125526e-01
-3.296454694934560781e-01
-5.409186431929187133e-01
-3.214310905981693778e-01
-4.451637508911692187e-01
-2.935646912207232062e-01
-4.295494112733329040e-01
-3.331689247771342788e-01
-2.068620811729722231e-01
-4.190708690286349958e-01
-5.773963387322436080e-01
-5.940594714333780058e-01
-4.283928043051695167e-01
-7.223245680501246824e-01
-4.963739798900648204e-01
-4.386490783347815059e-01
-6.514636226617015469e-01
-2.324473953175255070e-01
-3.492707518741433037e-01
-3.437547944059337057e-01
-6.567793969691858580e-01
-6.710914503237861428e-01
-6.472649215871351114e-01
-4.984633115414790483e-01
-6.427069992022996781e-01
-7.341220693685533982e-01
-4.489451711149650137e-01
-6.858827824654649685e-01
-5.434410757029032313e-01
-5.026503789314505921e-01
-4.888617386227894213e-01
-1.847602795646530460e-01
-4.828786200341667612e-01
-6.543061877386866509e-01
-3.882894183155622403e-01
-5.339501000380864060e-01
-2.021290896163899509e-01
-2.161786763932494471e-01
-2.069677992938093181e-01
-2.069555358973816650e-01
-2.029164911911930935e-01
-2.029103396163899620e-01
-2.389558172586663809e-01
-2.776914659748203063e-01
-2.036904546150857809e-01
-2.005290896163899605e-01
-6.157443114321298205e-01
-2.029026433353982029e-01
-4.381275287215729008e-01
-2.103935524263072787e-01
-1.822943788725882863e-01
-3.188933742484623690e-01
-4.511947352764910102e-01
-5.586728262595181960e-01
-2.925054628075963170e-01
-3.070233145974892719e-01
-5.354437421933627705e-01
-6.483662290033584963e-01
-6.038314850125492406e-01
-6.395808852115461018e-01
-3.037074589682002279e-01
-2.293482230037933722e-01
-6.413768973925839667e-01
-7.126207501768812014e-01
-7.178704070278781879e-01
-6.445227883041871886e-01
-6.968062230714321403e-01
-7.798750623238195345e-01
-2.407044721390557973e-01
-5.910657492307367367e-01
-7.764178245514615773e-01
-7.503198581086825136e-01
-7.588950313048202778e-01
-7.230783333654182687e-01
-8.157844765328439163e-01
-8.086757921944839334e-01
-8.678392322877737097e-01
-8.230374896040568711e-01
-8.661165574615307117e-01
-7.854574280868208414e-01
-8.170247511161312648e-01
-8.015483926753818045e-01
-8.757328536344175518e-01
-8.820512319661431011e-01
-8.526870607954816217e-01
-8.716583470220415908e-01
-8.676075544072953116e-01
-8.113887477713090934e-01
-8.081216099044097323e-01
-8.215185887299224499e-01
-8.527353630833414133e-01
-3.758120108686506811e-01
-8.483302057404541463e-01
-8.345319104520937392e-01
-7.375809576570717674e-01
-7.527173774155071495e-01
-1.925342498663395463e-01
-1.370322012592515015e-01
-2.044330416248516524e-01
-1.462341426521158450e-01
-1.981696259937025251e-01
-1.839951662741630689e-01
-1.901335862428662760e-01
-2.174848884694913775e-01
-1.858704761716786780e-01
-2.293639872480242037e-01
-1.902940550088207117e-01
-1.617822584805116981e-01
-1.784291198522294786e-01
-1.257244002771827629e-01
-2.021290896163899509e-01
-6.207703112101203846e-01
-2.153832223025101134e-01
-3.466458758896823200e-01
-4.870120183901710531e-01
-4.180808923528037679e-01
-6.411573447087178801e-01
-6.069882907085264456e-01
-4.004683133207881385e-01
-2.757010433709152775e-01
-2.547897343778125490e-01
-3.174594338006034855e-01
-3.316708983471509664e-01
-3.989055435742069888e-01
-5.715177621660961771e-01
-5.881457962226867009e-01
-4.949110426366724047e-01
-6.074567159501549352e-01
-4.790112162504057136e-01
-5.700646435815481805e-01
-7.010437772765109044e-01
-7.501847016960041525e-01
-6.612974703776365315e-01
-5.658867147236292805e-01
-7.767261204055121437e-01
-5.857514521619959780e-01
-7.378492955028266298e-01
-2.129284152435905464e-01
-6.871206307391071189e-01
-6.112591401812087488e-01
-5.650278636514631803e-01
-2.119247616912723620e-01
-3.653196784808262487e-01
-4.932639267958650042e-01
-7.652628930366878190e-01
-6.938847069858681271e-01
-5.169371412094559970e-01
-7.580649686216233141e-01
-7.094308477975427296e-01
-7.524361439791716899e-01
-7.893121220358991774e-01
-6.952919262595421701e-01
-5.152181794346336607e-01
-7.070402189771564094e-01
-6.852048701979838174e-01
-6.380103485082424530e-01
-8.161655922679014741e-02
-9.980554080853357157e-02
-8.118291231669867714e-02
-1.592147375694858424e-01
-1.240059997478629439e-01
-7.889041637095194071e-02
-8.917686325550427950e-02
-2.267010140481476588e-01
-9.324571834269547443e-02
-2.396177651845800283e-01
-1.779913062598483253e-01
-1.552301999542612942e-01
-1.479251726801937838e-01
-1.890734691749909602e-01
-1.864322860518582425e-01
-1.385647768952506242e-01
-8.105080660995393760e-02
-1.492299062051274383e-01
-1.146859231019674852e-01
-1.530215533377199399e-01
-1.520137840390995421e-01
-2.568042933945815509e-01
-2.685647451907323680e-01
-3.252687410944311575e-01
-1.875856877194572725e-01
-1.778755620918568148e-01
-3.587754098450882667e-01
-1.559909513903737222e-01
-1.085627380182181134e-01
-2.195025145893035601e-01
-2.422634885380820502e-01
-4.027169450884773849e-01
-1.960703830390920221e-01
-1.713374858659498234e-01
-1.265125777581928568e-01
-2.480335409902170163e-01
-2.287798512122236061e-01
-2.493114021389094825e-01
-2.066547171295524676e-01
-2.122599846602935825e-01
-2.921144364074632627e-01
-1.326796498501875976e-01
-5.212698017282332286e-01
-2.596504685157466907e-01
-2.212917831590157092e-01
-1.644801903240484531e-01
-1.411107992427858282e-01
-3.393957322658047726e-01
-3.221064477753022293e-01
-6.760085148165992375e-02
-3.460814650945303050e-01
-2.379212771849320285e-01
-3.168018329293314506e-01
-2.746335772809721520e-01
-1.503380323280119335e-01
-2.795399015641494289e-01
-2.692057638640357742e-01
-1.150239208526770140e-01
-1.580104556783172298e-01
-3.845733174620608041e-01
-1.469715642073666506e-01
-1.943799992701031321e-01
-1.106481566106080755e-01
-5.962363769860738044e-02
-1.011515298276172564e-01
-1.038795365150987776e-01
-9.872485103687897445e-02
-2.521528709172069505e-01
-1.080475635089053477e-01
-1.118978331993586706e-01
-2.125305058676819903e-01
-1.114457505412868449e-01
-1.106071588006181383e-01
-1.362789107271366873e-01
-1.842877681738539497e-01
-1.586890167398933849e-01
-1.147533107071712494e-01
-3.439667677479110175e-01
-2.803165592332333977e-01
-4.166212265602233233e-01
-3.092831790584974483e-01
-2.668402003518454135e-01
-3.046234178658084879e-01
-1.805164411021011328e-01
-1.902058311293131354e-01
-5.159618396074279190e-01
-5.156276551650005313e-01
-2.971833504932906433e-01
-4.409107671732505063e-01
-4.642290886530876515e-01
-5.115685385548014441e-01
-1.352155164569395773e-01
-5.653938219499599072e-01
-4.103394132145258277e-01
-5.132632162505708084e-01
-5.507198677206404103e-01
-5.742218984757192501e-01
-3.117743727951853838e-01
-4.388660507657332621e-01
-2.655804160218256937e-01
-5.093551810669925128e-01
-4.164585934828073377e-01
-4.054055825429000448e-01
-6.856962155819369409e-01
-6.453741052595678429e-01
-6.077004177336543522e-01
-6.835276289676877060e-01
-4.501906283862704972e-01
-4.519025622309301160e-01
-5.685180755269684250e-01
-5.346530916278540158e-01
-3.166797172340363731e-01
-3.304865227425995977e-01
-5.161566701620003972e-01
-2.076694568099150540e-01
-6.227341580197903737e-01
-3.978355392098625876e-01
-5.974594128380100733e-01
-5.395991961695361105e-01
-9.644247028886794582e-02
-1.689778681571419416e-01
-1.104310895145889093e-01
-5.856380333406732003e-02
-1.088224746110297569e-01
-1.135894872364695135e-01
-1.267004721022851610e-01
-1.142036507092350356e-01
-1.921586625758007483e-01
-7.698474007444680578e-02
-4.591978051530554855e-02
-5.703790816612992476e-01
-2.542230923300713430e-01
-2.800341311315605597e-01
-1.722585900656239954e-01
-6.748236322113039254e-01
-3.240705232559293880e-01
-4.155974174622797390e-01
-1.902503181405388322e-01
-3.041720881288058620e-01
-3.508791942387888829e-01
-3.603547454911565917e-01
-3.980143085345618226e-01
-2.784118496962568190e-01
-4.993367652311995752e-01
-1.614975195493607019e-01
-8.128744061451016467e-01
-4.469105517190168908e-01
-6.283265861442320910e-01
-5.007089983656043408e-01
-4.957112380430025445e-01
-7.256068568799669549e-01
-1.119309731279438253e-01
-4.115944781550059939e-01
-5.942566446613994913e-01
-8.049665098376644901e-01
-7.131068252936388907e-01
-5.290267326956441529e-01
-4.622019460915957612e-01
-6.452802201459495457e-01
-6.520870385757504550e-01
-5.632857685494988553e-01
-8.403615088351410467e-01
-5.737778612754611540e-01
-3.248083400640549567e-01
-6.934318057265478341e-01
-8.027998720652584907e-01
-6.881843306567303475e-01
-7.439925652711172344e-01
-7.167089919898154138e-01
-5.951697958823176648e-01
-4.242951948621819236e-01
-7.725722138053142674e-01
-8.541938594431668363e-01
-7.246376627784009150e-01
-8.685153554541080734e-01
-7.794628276495781938e-01
-7.620395391901697568e-01
-6.712548890725253958e-01
-7.791537299612470990e-01
-7.749721051518532189e-01
-2.983875015374352069e-01
-1.862899310539361253e-01
-2.549611798299499243e-01
-1.519634122954591215e-01
-2.102670864946892537e-01
-1.748527858307171723e-01
-3.826248749034051322e-01
-1.081182463414156469e-01
-2.864165729664377436e-01
-3.229288631450246694e-01
-2.211033264050015212e-01
-3.265582631435922090e-01
-2.250667144148549847e-01
-1.566381315479514202e-01
-3.889761868311669146e-01
-4.520995606118442534e-01
-2.240021094901423204e-01
-3.679707462700649301e-01
-2.368464998317440506e-01
-2.934811990031589435e-01
-3.360504053780900557e-01
-3.422906430571805436e-01
-3.610144980624430122e-01
-2.577877441333975561e-01
-3.473563708708523601e-01
-2.865569061419810937e-01
-2.817641860590250902e-01
-3.540472647143848017e-01
-1.770125971236554130e-01
-2.359869811302858500e-01
-2.924794001820291700e-01
-4.281995687548432739e-01
-2.937983566342736719e-01
-3.959181878815360434e-01
-3.222133734244215786e-01
-3.394833002014969181e-01
-2.645808085516510033e-01
-3.988247223844559874e-01
-3.393795228120900509e-01
-1.827044229923354135e-01
-1.927246714270609562e-01
-3.057038377587441569e-01
-4.578869746671125895e-01
-3.545370285369807695e-01
-4.098647666615433671e-01
-3.633343652347190700e-01
-3.837517298983302294e-01
-3.380495180219713625e-01
-3.871708370688772272e-01
-3.330750748155907326e-01
-3.242485784459575582e-01
-3.475949471277675618e-01
-3.453591212379550912e-01
-3.568767044602748628e-01
-4.300862281059718017e-01
-3.119951504054759850e-01
-3.170117486200832446e-01
-3.671813525624867403e-01
-3.162215365255086619e-01
-2.725722925943256936e-01
-2.790421835560265018e-01
-2.405646046335494503e-01
-2.162949891070761743e-01
-2.228837759118599826e-01
-1.965934438351268632e-01
-1.413895973658708116e-01
-2.807930510842205907e-01
-2.230092367624637861e-01
-2.126449454176016773e-01
-2.632807475302120781e-01
-2.007168037036133890e-01
-1.671034590631442218e-01
-2.259504931157826080e-01
-1.688702503894991547e-01
-2.822414530858294301e-01
-2.784471007529117914e-01
-2.191510142986241583e-01
-2.487834376413084470e-01
-3.710451400175366343e-01
-1.456562112640696349e-01
-2.363487133162879561e-01
-2.227880653469510863e-01
-1.613689220792808576e-01
-1.901327783548727168e-01
-2.005469391917210076e-01
-2.022691789258896922e-01
-2.516561751970334271e-01
-2.293973672164512645e-01
-2.877643270800986919e-01
-2.101919505184925985e-01
-1.985322895116441166e-01
-2.292654547103402385e-01
-2.708559584314290114e-01
-2.489835173206157992e-01
-2.858221734412813575e-01
-2.100316474457379901e-01
-2.840240381954181603e-01
-2.211017479494575555e-01
-3.455853419333722587e-01
-2.791368226409748354e-01
-3.388922290011255334e-01
-2.707111834981377751e-01
-2.690949322791661436e-01
-2.359290478180464112e-01
-2.741622552365040599e-01
-2.103852592672433297e-01
-1.958854585117323910e-01
-3.964517307316238193e-01
-2.833084229516709684e-01
-2.495238978774549365e-01
-2.343311077517882257e-01
-2.677344822112931455e-01
-4.911521981550756033e-01
-2.075291169136878333e-01
-4.208481252859229693e-01
-2.412867369974526499e-01
-3.653854381525439843e-01
-3.073120148360819481e-01
-2.971115259666927133e-01
-3.071113892801055067e-01
-2.845610588240415906e-01
-2.576341356839185748e-01
-2.393979053036051907e-01
-2.352161986903187896e-01
-1.765818903853120514e-01
-2.461691584511305764e-01
-2.454197322051004382e-01
-2.520551291731196741e-01
-2.210658652191176687e-01
-2.693815750869780201e-01
-2.506948213979470208e-01
-2.641200467616876546e-01
-2.405812590074654922e-01
-2.796562457781409661e-01
-1.804257022087136231e-01
-3.202567599912932161e-01
-3.371828494392720144e-01
-1.877758324702391013e-01
-3.167753186346073391e-01
-1.734523127392390562e-01
-2.103941918885652296e-01
-2.667314709982377963e-01
-2.379051305594377941e-01
-2.600116593996600334e-01
-2.092584676912156993e-01
-1.919235238065140070e-01
-1.151798277837610823e-01
-2.341431118820787860e-01
-3.609960984600492084e-01
-2.978544830214661099e-01
-2.944131663298068524e-01
-3.351532252183558880e-01
-1.203466733888630680e-01
-2.332608507141858689e-01
-2.085654767633327578e-01
-1.906388443471610794e-01
-1.648178965632171589e-01
-1.209879041331713700e-01
-2.095079722820882839e-01
-1.845994258162915735e-01
-2.025169553084287810e-01
-1.986217437181139467e-01
-1.588560393020560513e-01
-1.897483926399431975e-01
-2.037605310787606316e-01
-1.374803481528772409e-01
-2.104001937861356697e-01
-2.479157246172099816e-01
-3.051207326419113075e-01
-1.670224812841192286e-01
-2.750384948538112662e-01
-2.245253880256542212e-01
-3.479130100072796994e-01
-1.900373969486912062e-01
-1.983734454830143601e-01
-2.070234004803192529e-01
-1.452073439107068875e-01
-3.809070853378486721e-01
-2.831255014452519481e-01
-2.679085751720179376e-01
-2.878893316199178654e-01
-2.633308606064552748e-01
-1.931507899149788599e-01
-1.701500645923322286e-01
-2.865212557600035348e-01
-1.924879801903164600e-01
-2.593985908437205223e-01
-3.290664878991962916e-01
-2.076920300491621185e-01
-2.153226297081073937e-01
-3.396385645035709389e-01
-4.171396966153148034e-01
-2.672568813080477002e-01
-2.765599118540083001e-01
-4.689131087550036381e-01
-6.924282347548318395e-01
-3.474953091459200838e-01
-6.015668701659672157e-01
-2.784150212632265364e-01
-3.564739533592944376e-01
-6.357459556342556217e-01
-6.282260393513080521e-01
-6.655980410649036116e-01
-5.364784222571091776e-01
-6.661240339057588056e-01
-5.800112541353984463e-01
-4.494985251287239580e-01
-6.746200539804132479e-01
-6.705893045701507571e-01
-6.408797199761580021e-01
-5.997197100434459305e-01
-6.444436565374302983e-01
-6.185601552730484176e-01
-5.270061914277832660e-01
-6.832323846773877829e-01
-6.367674082669048108e-01
-5.550300949542824602e-01
-7.623337317625467069e-01
-6.332464614921763379e-01
-6.751353872966733283e-01
-7.137996619658395492e-01
-6.249212214952526434e-01
-7.367096125972573128e-01
-7.324408617666516852e-01
-7.052879290484872499e-01
-7.111827737227592872e-01
-6.829699443491182853e-01
-6.756926847622064525e-01
-5.675668958985333745e-01
-7.005354395682472646e-01
-6.723497796001819404e-01
-6.979609943436544395e-01
-7.292546683951605102e-01
-6.882899006915811357e-01
-6.082750922255037995e-01
-7.203429504522171900e-01
-7.236981514859908149e-01
-7.358666070020264405e-01
-7.474418000283915564e-01
-7.723010908289945631e-01
-2.495484144896272516e-01
-2.303320153992171604e-01
-2.664108618603833745e-01
-1.589904931658345233e-01
-1.743714244093007293e-01
-2.038074646356676234e-01
-2.385379433006330763e-01
-2.174026129444176225e-01
-2.017968912180216901e-01
-2.560914361106255699e-01
-1.824960580839726787e-01
-5.024981438580367055e-01
-2.793216726639943248e-01
-1.826503990160737445e-01
-2.467355695977100360e-01
-3.224149109759466003e-01
-1.684432200546455427e-01
-2.647444689255999406e-01
-3.219588721702421608e-01
-1.501980333764058873e-01
-3.845374790600031290e-01
-2.603780438368014649e-01
-1.076003924983179871e-01
-3.096333294222483046e-01
-2.350399980325050264e-01
-2.751765195629636285e-01
-2.473244626127505952e-01
-2.607333042798614109e-01
-3.081108779571809508e-01
-2.339031406840350047e-01
-1.723866621873309801e-01
-1.560413067685992583e-01
-2.796319821160858643e-01
-2.709530528337036337e-01
-1.964667364097190394e-01
-2.481044560348738270e-01
-2.753501018208951434e-01
-2.984045739697790411e-01
-2.481107227107398339e-01
-3.244624455424159892e-01
-2.046340134024677293e-01
-1.849621231400439547e-01
-1.617746411155323305e-01
-2.057580691741001944e-01
-1.922654066946811180e-01
-1.831592899070727254e-01
-2.102326617422700106e-01
-1.661145372339103421e-01
-2.328874092868963575e-01
-2.476234806569586611e-01
-2.820603488761052047e-01
-1.542388166306053743e-01
-2.873462402898293577e-01
-1.901319664485822125e-01
-3.831814580572732998e-02
-2.851168630869203580e-01
-1.918344341612298609e-01
-1.121670391366263730e-01
-1.962716352106171347e-01
-2.731649286350801287e-01
-3.029033816801239287e-01
-2.741115815356663377e-01
-2.679175013077525480e-01
-1.565139539903117882e-01
-2.261589647951530169e-01
-2.705467244979536945e-01
-2.087333885254555044e-01
-1.242490828131784519e-01
-1.905276692866961774e-01
-2.126033598837822058e-01
-3.030181697690096376e-01
-3.113286332357995678e-01
-1.975168958411535891e-01
-2.917507040079880820e-01
-2.502220266938353643e-01
-1.936397301709701368e-01
-3.475000402973674185e-01
-1.319112238079999666e-01
-2.606446502123224707e-01
-2.747330675639275688e-01
-3.639342996562848209e-01
-3.075407440191146313e-01
-2.116219100484776627e-01
-3.112308092982152830e-01
-1.370791921184635331e-01
-1.692015703060926191e-01
-3.370899052406900465e-01
-2.886629722231380812e-01
-2.447820352660330379e-01
-3.091165982376432031e-01
-2.276753517494085055e-01
-1.859878202815247739e-01
-1.797264833298026221e-01
-2.669406860963129402e-01
-2.614990516594356551e-01
-1.491753811062463686e-01
-1.953886224322248233e-01
-2.540143278880190869e-01
-3.332119343719767701e-01
-2.660971642067871956e-01
-2.600344384819170962e-01
-1.333287145130634954e-01
-2.858009573403782477e-01
-2.811955042207133770e-01
-1.975012254933971589e-01
-2.543052356230706135e-01
-2.639672459775381230e-01
-2.993425004762065855e-01
-1.941424926583599220e-01
-9.214333697015561486e-02
-2.682886719717657575e-01
-1.576746714392808224e-01
-2.288482072474270212e-01
-2.386681788765036560e-01
-1.799195407546104186e-01
-1.129316726483540478e-01
-3.325771861777633287e-01
-2.477720904713826278e-01
-2.522170112217613225e-01
-1.561856401737136135e-01
-1.799400036869807928e-01
-1.914940578854719688e-01
-1.613844420110109312e-01
-2.838824785922857141e-01
-2.184310035852355669e-01
-1.984756688215400522e-01
-1.392006537482988471e-01
-3.566907671970164229e-01
-2.819542642352044770e-01
-1.386578881064359225e-01
-5.082941863790650938e-01
-5.093387761184582363e-01
-4.929433269905909576e-01
-4.856005995010610476e-01
-6.614125158416526151e-01
-5.335139186031390146e-01
-5.112212002339899808e-01
-6.368686540454420175e-01
-4.342592343775261154e-01
-4.081175840928333853e-01
-6.408014812239551938e-01
-5.041021200324100615e-01
-5.549263841348939241e-01
-6.728044742245716803e-01
-6.020827753018827000e-01
-6.255545886930374833e-01
-6.143437468444055138e-01
-6.530277409546878520e-01
-5.050858769125904368e-01
-6.537215262112193725e-01
-7.047368202598243148e-01
-5.054999465898728506e-01
-5.841746464132391292e-01
-5.282495047887517670e-01
-6.302883229141114096e-01
-7.230181564513966652e-01
-7.268539518849301828e-01
-7.219547916370293583e-01
-6.947622470697311092e-01
-6.758328447565989938e-01
-6.767074210208796625e-01
-2.976161976596847780e-01
-2.228989042509088025e-01
-7.361755165435043269e-01
-7.050350936790169554e-01
-4.906850312623228794e-01
-6.444215811499319768e-01
-6.705179614980828484e-01
-4.471532481644140411e-01
-5.378581590781253974e-01
-6.089588160235105407e-01
-7.258216533136145898e-01
-7.226675044683474880e-01
-6.751024759238833939e-01
-6.787803323065633165e-01
-7.702175740796406433e-01
-6.452798485392930994e-01
-5.487522727349979368e-01
-5.328225854959109942e-01
-6.643380848884575807e-01
-2.819582809148208913e-01
-3.268318405097489499e-01
-2.169149640828663128e-01
-1.920953164168486826e-01
-1.354664440559942284e-01
-1.101141221843981721e-01
-2.334301298468322017e-01
-2.286487939965244354e-01
-2.182824411759967109e-01
-1.748933491205433843e-01
-3.137022393900115724e-01
-2.801558896952999200e-01
-3.445451298946328178e-01
-3.205236855643837091e-01
-2.816467773664769747e-01
-3.472657074222793017e-01
-2.784808871652778572e-01
-2.294560962621648714e-01
-2.789224810274608113e-01
-2.530328348060334465e-01
-2.635838883024514412e-01
-2.250983829839604267e-01
-1.606437295405058197e-01
-3.020072178545573083e-01
-3.491702082225250359e-01
-1.599579274619526148e-01
-1.651195170337486362e-01
-2.998906586728825596e-01
-2.365709628856059454e-01
-2.806202441496944422e-01
-4.133826560868750777e-01
-3.840297353696839333e-01
-2.612634203326863469e-01
-2.025422184902962164e-01
-4.516878724325678052e-01
-2.335776768634863776e-01
-3.649073179184013638e-01
-2.637342306577886708e-01
-3.414930139993749281e-01
-1.453192175163119382e-01
-4.306235238580866098e-01
-3.068602830228876477e-01
-1.654861285005824745e-01
-1.059458986410098252e-01
-8.877117695944095055e-02
-3.184758400197399419e-01
-1.195952669540521346e-01
-2.456275996722214194e-01
-2.704551577799989559e-01
-2.135014892184862734e-01
-2.723900696725176651e-01
-1.759432147678333669e-01
-1.945745986633478364e-01
-4.827669433768660423e-01
-1.658706392956970088e-01
-3.450078648549402827e-01
-3.659982279029938557e-01
-2.923187530051312155e-01
-1.133761660022238882e-01
-4.463180417435737013e-01
-4.083130901388144496e-01
-3.650182989523262922e-01
-2.948274159957967600e-01
-7.337552859226006974e-02
-1.451207842702888495e-01
-1.602076529390589477e-01
-2.537662389243350303e-01
-3.373085959847529902e-01
-1.334963017319094336e-01
-3.422375116487119118e-01
-3.173059450826915540e-01
-2.703748271809854886e-01
-1.863183467869282406e-01
-2.725212719189892274e-01
-4.121265763655078129e-01
-3.474643377930095034e-01
-1.495319549800924464e-01
-1.849397033349748365e-01
-1.302024447951953268e-01
-4.076638633743863704e-01
-4.949547616423322083e-01
-4.185176386248755653e-01
-4.124728870290766958e-01
-3.746828986682868567e-01
-4.029331502840847179e-01
-4.079028491541347168e-01
-4.894106529993272892e-01
-3.868738717558484197e-01
-3.223669049709436130e-01
-3.772234603475039250e-01
-4.287929028689720923e-01
-3.504346831450807498e-01
-3.620379922208593615e-01
-4.234864001683892876e-01
-3.961566238435673126e-01
-3.422828648420018771e-01
-2.173363797803155584e-01
-4.758229183125082251e-01
-1.665232138083636571e-01
-2.525218816608507111e-01
-4.126518504280952682e-01
-3.849831234167118144e-01
-3.306934553106634089e-01
-2.140276075151905655e-01
-3.622035944183191192e-01
-3.852058116779050190e-01
-2.580084156683931096e-01
-4.828000989631492379e-01
-4.664950295812581582e-01
-2.697124862608996643e-01
-4.606143136585253428e-01
-2.857315785653926632e-01
-2.769459857212898668e-01
-3.246814691503014383e-01
-3.605693975464451251e-01
-3.466504286020151704e-01
-4.751986121449937039e-01
-4.079759518461386625e-01
-3.139620359224649104e-01
-3.347753389008248925e-01
-1.778019036651295459e-01
-3.467716571929541081e-01
-1.871066610271426567e-01
-1.861204700785786537e-01
-2.945899251604757740e-01
-2.315478314346996191e-01
-2.470659835168803053e-01
-2.692433349640172557e-01
-3.203078809090347812e-01
-2.170712203470261947e-01
-2.714238764705339535e-01
-2.011160769147098404e-01
-2.914116398255367502e-01
-3.237667839636985123e-01
-2.602051203113537881e-01
-2.369729487453054451e-01
-1.627996880344177444e-01
-3.708303729451979946e-01
-1.944043003904411260e-01
-3.770935461475408701e-01
-2.127979687578333279e-01
-1.948037604910802245e-01
-2.285823155132700180e-01
-3.348947468630146806e-01
-1.787718343782560837e-01
-1.071626661519424484e-01
-2.386737736252348141e-01
-2.143626127067742304e-01
-2.307763107051957197e-01
-1.761877038468033230e-01
-2.228660599472715442e-01
-4.131913463712034162e-01
-2.168398044880548992e-01
-2.050878516942734042e-01
-2.385491439452307461e-01
-3.253564832536361418e-01
-2.321832347593039692e-01
-3.044019010589310570e-01
-2.430311650666598933e-01
-3.295412446299189613e-01
-1.552657049251179311e-01
-3.468637947263934485e-01
-2.456006596216053217e-01
-3.017504694324586456e-01
-1.269553603440471690e-01
-3.869631536015581963e-01
-2.929408762148006939e-01
-3.268836844552384657e-01
-4.173264437389609394e-01
-2.012105753201325897e-01
-2.476843770524944921e-01
-3.036763134018872212e-01
-1.691183167975466861e-01
-2.128102415095391164e-01
-2.550851466773955134e-01
-2.440710207194591308e-01
-5.017152226788500480e-01
-1.991848120523650456e-01
-4.010427099831339603e-01
-3.694633217375598022e-01
-3.328888310638593029e-01
-2.930537215338419044e-01
-3.846219332599616902e-01
-3.522149721037216574e-01
-3.262881639313346405e-01
-4.232134745349971361e-01
-2.110155651586730907e-01
-4.153066484848122464e-01
-3.079607310133460341e-01
-2.991327669919166543e-01
-6.583966894763333411e-01
-6.363316181289341289e-01
-3.208018178777616858e-01
-4.098988108133347907e-01
-5.573290010712561582e-01
-6.777753985357145572e-01
-6.378637662210971948e-01
-6.293980956471234567e-01
-6.089838538762406550e-01
-7.230879263510018307e-01
-6.963990993050318545e-01
-6.312389077747788679e-01
-6.671858647574814283e-01
-6.236391186053797941e-01
-6.764754707853291027e-01
-7.315052704935434136e-01
-5.914178823949298724e-01
-6.341443987816746120e-01
-6.708892068813051557e-01
-7.028500980672686138e-01
-5.070814358307773606e-01
-4.215138087799569777e-01
-5.401762805529267686e-01
-6.244881243315960617e-01
-6.829347377123622387e-01
-7.106924049583651648e-01
-6.383476167490966802e-01
-6.553756389032320273e-01
-6.929393435347905861e-01
-5.644016269556215715e-01
-5.866576815257988908e-01
-6.372708585017001770e-01
-7.000227789894791774e-01
-6.921910028597599851e-01
-6.243121131763424980e-01
-7.151615054886721889e-01
-7.098350926983185705e-01
-5.954474383149912509e-01
-6.487441738341651609e-01
-7.276319206108494697e-01
-7.121011405014289197e-01
-6.564515056135523663e-01
-6.935385142749999066e-01
-6.420793704184523110e-01
-6.623539388618405743e-01
-6.560425298115627468e-01
-6.922058359300300445e-01
-7.417286286744457779e-01
-7.232744471827627919e-01
-7.185944094507996649e-01
-4.921148775204337578e-01
-2.739094870874627663e-01
-2.553853788462467356e-01
-9.482175918761895361e-02
-2.409614191221491064e-01
-1.006308343328285587e-01
-3.368182004597407020e-01
-1.674462263421877262e-01
-2.239882665865984834e-01
-2.479915123896686835e-01
-4.189291120337778063e-01
-4.190622695030070122e-01
-5.416221753287475682e-01
-3.695822201336437240e-01
-4.743635808914249408e-01
-3.946991642428115954e-01
-3.435423116329300308e-01
-4.367187821306722784e-01
-3.488556492701105904e-01
-3.850458867400419760e-01
-5.258162851753094280e-01
-4.831940960011322228e-01
-4.738790117584800177e-01
-2.771268776167183367e-01
-2.658806675994685453e-01
-4.030106816132151826e-01
-2.088761666584317833e-01
-2.509612318016306576e-01
-2.620346757427530204e-01
-4.311717306551747231e-01
-3.486965162365262549e-01
-3.606027221381542525e-01
-3.846255278230695240e-01
-3.621206620142403687e-01
-2.002557916880003952e-01
-2.284190113856487958e-01
-4.930475688240018028e-01
-4.562814369528905845e-01
-5.140502863289142521e-01
-6.465245768139911142e-01
-4.048287416278134598e-01
-3.084021127220675784e-01
-3.142132062232401157e-01
-6.366301882127795020e-01
-4.604008379471191681e-01
-3.057757214147531211e-01
-1.653948171760789287e-01
-2.122406694020892159e-01
-5.713171414201139164e-01
-3.170594607811464405e-01
-5.075691840734484206e-01
-4.298181588329588187e-01
-3.515270656430821705e-01
-5.203077931308209836e-01
-4.466077588882680915e-01
-3.692280690657085973e-01
-1.757785049795585475e-01
-5.703366508068627994e-01
-4.666819344653284074e-01
-3.497382696181140505e-01
-1.854929011678624062e-01
-1.672711871454204413e-01
-1.520234383431981473e-01
-1.805858923645385916e-01
-2.029598425796133587e-01
-1.809053483271141904e-01
-2.274781176958619588e-01
-1.780999149446830243e-01
-1.629127599920134339e-01
-1.797419649746324344e-01
-2.311585410907388005e-01
-1.781785409019278066e-01
-1.807209387005211387e-01
-2.797147913072038361e-01
-2.076650648584904835e-01
-2.310703238298461026e-01
-1.923752851102420447e-01
-1.779779828856915547e-01
-1.675433225611338561e-01
-1.780153064442752675e-01
-2.096006588334003717e-01
-2.018601005466626463e-01
-2.433402549487587996e-01
-3.514103450484687974e-01
-2.326572096151146296e-01
-2.450107778036560435e-01
-1.857999939507828380e-01
-2.084772092984374381e-01
-1.927248712549493315e-01
-1.742087126660411267e-01
-2.406809587278732621e-01
-2.476880614237503830e-01
-2.516301061489755742e-01
-1.948681249413582450e-01
-1.787703883875824962e-01
-1.954016402347657777e-01
-2.078800384399154821e-01
-1.600234135907985245e-01
-3.096790261032054126e-01
-3.265803191502555380e-01
-1.908295577557433398e-01
-1.973255590955989569e-01
-2.528017305577713314e-01
-1.750717736556843818e-01
-2.126752311626065040e-01
-2.163697776875825318e-01
-2.706086752499576864e-01
-1.906657942285636953e-01
-3.469724369336947833e-01
-4.293578712567510669e-01
-3.613788218311124179e-01
-1.812036164963879703e-01
-1.754209110241673475e-01
-1.926497221737708543e-01
-4.253491050790323413e-01
-2.928341163593376484e-01
-5.247709918724039468e-01
-3.671213630430106289e-01
-4.022548321529389459e-01
-4.039738778171907407e-01
-1.762514195809715689e-01
-1.352829759554942668e-01
-1.666950512553095620e-01
-1.557954524925707629e-01
-1.465003450842558286e-01
-2.094752840525722637e-01
-1.391822342156962822e-01
-2.202052109454363527e-01
-1.534200202619576403e-01
-1.774355630388193550e-01
-1.716555954416295049e-01
-1.684628397897485197e-01
-2.246694069131635607e-01
-2.151592748856843984e-01
-3.026348356448767540e-01
-3.682081377400928113e-01
-3.179354895339289722e-01
-1.800785237491565050e-01
-2.408982521461638382e-01
-1.605613524320765040e-01
-1.627299219589939949e-01
-4.370522709766295755e-01
-5.533635662260437682e-01
-1.766074927160816710e-01
-3.697458540933606930e-01
-5.157826319152633010e-01
-4.543846608369543350e-01
-5.379803225270525235e-01
-4.245806585202815953e-01
-2.902031327399636207e-01
-3.797407403026796802e-01
-5.045119233250873192e-01
-4.514329062070636667e-01
-3.840853447352566841e-01
-3.589804190852282084e-01
-5.161431579719755192e-01
-4.729475760284908570e-01
-4.375028550296828911e-01
-5.419843189872742828e-01
-4.626150833780383609e-01
-3.538280885286423372e-01
-3.390672477449603317e-01
-4.399655902010199959e-01
-3.551329614944076507e-01
-3.911784198061789009e-01
-2.467652020618644748e-01
-2.497112705263841437e-01
-4.830426306747505061e-01
-2.004657849991893781e-01
-5.549594340900071421e-01
-3.434501243068549536e-01
-5.792198999042742491e-01
-1.672795658634765870e-01
-4.371830793955905348e-01
-4.363728162707431468e-01
-4.567395339607633886e-01
-5.536736501583848780e-01
-4.495647630943593320e-01
-6.079359514212889781e-01
-5.937159652795428455e-01
-1.736811212972901031e-01
-2.041539710993430512e-01
-1.809568503017256469e-01
-1.820960736306117267e-01
-1.658610030084982645e-01
-1.671317462542050158e-01
-1.750343876035984625e-01
-2.370789241732768338e-01
-1.455284692779429123e-01
-1.784927546016665256e-01
-3.436522095220787554e-01
-4.627918815760820870e-01
-1.761660987566320002e-01
-1.614225090130422535e-01
-3.832011877084284257e-01
-3.414342276382901775e-01
-2.454191259292368699e-01
-5.126736915760184976e-01
-6.401691389561893208e-01
-1.867658752709706049e-01
-2.779479143871306790e-01
-2.940825009648856403e-01
-2.923982573499516735e-01
-3.129938812810224569e-01
-3.965680702700616345e-01
-4.893814690457697902e-01
-3.955764580354267368e-01
-1.922745881264833201e-01
-3.153633351413945851e-01
-4.559007412969982020e-01
-3.439518157082471772e-01
-3.971056608424666790e-01
-7.494595781870337925e-01
-3.241332893576825414e-01
-3.571949944171314284e-01
-3.429065681459012027e-01
-5.106237199254690662e-01
-3.987597734790148674e-01
-3.673131616165312696e-01
-6.419877185312058421e-01
-6.011429765968766548e-01
-4.688591755862351884e-01
-1.643005963969399741e-01
-6.689904972972875452e-01
-4.392257787833583893e-01
-5.935703903576713403e-01
-2.396327957877597559e-01
-6.699993364216353386e-01
-6.625803293809952033e-01
-5.561412346016103569e-01
-5.761585116223707503e-01
-3.507931309067155445e-01
-5.771400804929782691e-01
-5.352968725643392212e-01
-5.772230770842765590e-01
-6.293694300455185964e-01
-6.971711371225013387e-01
-7.373015017313558905e-01
-3.668249238759692665e-01
-5.266394576671503680e-01
-2.149365572570522132e-01
-1.067348399450889912e-01
-1.739711097393827899e-01
-1.579869943842470703e-01
-1.391981098622689927e-01
-1.482807436266750378e-01
-1.876695592126608747e-01
-2.162661062174625337e-01
-1.746242865260807797e-01
-1.906365468909891892e-01
-1.248307439857913453e-01
-2.736375877349760399e-01
-2.639498677574759755e-01
-2.247576650209661686e-01
-2.048306482497631864e-01
-1.637694333585507922e-01
-2.683237408762085829e-01
-1.707889617354858558e-01
-1.936048626509180859e-01
-2.419103572568121474e-01
-2.566161912641746756e-01
-1.549886291548968065e-01
-2.368353381245933420e-01
-3.205470931671605128e-01
-4.399375405720915566e-01
-5.556158620405990956e-01
-2.545897120377433320e-01
-2.762693741845864137e-01
-2.852232094490471659e-01
-3.363998485145049400e-01
-2.023149436640674370e-01
-2.181835567771397977e-01
-4.950496235212863416e-01
-5.476236845009198051e-01
-4.172441941222494455e-01
-6.615014250122817074e-01
-2.507686955723783528e-01
-1.901142076682935111e-01
-5.166608086904209696e-01
-2.995234487914741894e-01
-6.011021359087056481e-01
-1.636348194525188982e-01
-4.343208907808121522e-01
-5.090426402096491776e-01
-2.469317294839908361e-01
-2.799161235601429487e-01
-6.184444278025834629e-01
-3.367534717423085744e-01
-4.311455669530269708e-01
-4.977237497261503552e-01
-4.359105266814901070e-01
-6.197706373328069063e-01
-4.128373268958373532e-01
-5.684275619263968737e-01
-4.086923958841658933e-01
-4.065972316383574814e-01
-3.437247946374130114e-01
-6.130168269047937546e-01
-3.975155545135011237e-01
-4.142634626866420477e-01
-1.358160828108834206e-01
-1.366508430487927972e-01
-1.695163350214217712e-01
-1.322661957613345263e-01
-1.461706678172053353e-01
-1.374089520488947502e-01
-2.078194064293391041e-01
-1.167812248895690186e-01
-8.152834089688780483e-02
-2.032819525884896339e-01
-1.791365671188344111e-01
-1.776441149518729057e-01
-1.220522692067091131e-01
-1.928720459270981402e-01
-1.426080061805307664e-01
-1.640426434988393745e-01
-1.222681632296255261e-01
-1.509624302162305420e-01
-1.750681330659069612e-01
-8.015271644215467284e-02
-1.158137168768946512e-01
-2.301108717204097265e-01
-1.288624369527497371e-01
-2.057435769337955800e-01
-2.077548662948117408e-01
-2.045954354915963669e-01
-2.275334095623181008e-01
-8.206836381873880426e-02
-2.266848931585237481e-01
-2.517011196923215066e-01
-2.323224250270970459e-01
-2.811662810835433013e-01
-1.278093188333728203e-01
-1.280558272104270201e-01
-2.424238045625723981e-01
-1.768894491806361491e-01
-2.082565120144310167e-01
-2.705128597862394568e-01
-1.631300115310478083e-01
-2.770212769617165227e-01
-1.534934194638524207e-01
-1.605673582906438079e-01
-1.050249820381272264e-01
-1.895564708381247132e-01
-8.273896107846459569e-02
-1.516653340829964836e-01
-1.521008686888791761e-01
-1.436615321292145919e-01
-2.334022804368690029e-01
-9.983507575864805639e-02
-1.550215420671179900e-01
-2.310198452717899809e-01
-1.623785098599513088e-01
-2.351871475352581842e-01
-8.324152417814077720e-02
-2.230224140378917475e-01
-3.624715156330059473e-01
-1.046797164821665627e-01
-1.679997365171974066e-01
-3.578031660003296865e-01
-1.277780494034044811e-01
-1.420469813308133933e-01
-1.669080754665800415e-01
-1.309321629925137009e-01
-1.125568591353266479e-01
-2.031082615724431051e-01
-1.000556523456160168e-01
-1.998667007473956259e-01
-1.470359796775700667e-01
-1.577563378638658642e-01
-1.970992169135351302e-01
-1.345161435734009425e-01
-2.188041778728964659e-01
-1.061880200491665677e-01
-2.105817726227393050e-01
-2.247721145791781727e-01
-2.167252048558676036e-01
-1.309875660372981920e-01
-1.693406610145505309e-01
-1.128239217499239083e-01
-1.527228792972873117e-01
-2.174745313829344051e-01
-1.353725565911656770e-01
-2.099971210350280448e-01
-1.122660580082814191e-01
-2.230766086092222655e-01
-1.210355011042359291e-01
-2.046628365310742548e-01
-2.807897389609737004e-01
-2.210261929974584871e-01
-1.063838135732378259e-01
-1.618004012955989723e-01
-8.756245618070165881e-02
-1.113069373601490025e-01
-1.246764318405341465e-01
-2.959860044177816674e-01
-2.004953577722462799e-01
-3.154890528472749089e-01
-2.711651231884388280e-01
-1.787845428272059056e-01
-2.259427984575221038e-01
-2.226018949526013258e-01
-1.583829570865680769e-01
-3.582246286988378658e-01
-4.108600007387236408e-01
-2.328475162456680736e-01
-2.136443867363918003e-01
-3.306685046725893473e-01
-3.377286652514144838e-01
-3.195293960509807407e-01
-3.562397760434751204e-01
-3.638402600067250359e-01
-2.711231588016242422e-01
-4.155781168297315586e-01
-3.019086016791768801e-01
-4.479913284330111489e-01
-3.272311207876667516e-01
-4.260416180633412320e-01
-3.999308029863228309e-01
-1.025958299974984167e-01
-5.296953967346815922e-02
-8.091031998984310469e-02
-4.814937829372680639e-02
-6.496275857541695953e-02
-6.411250405213189674e-02
-7.339990439794892574e-02
-1.743053474908308753e-01
-2.051064089226060649e-01
-6.793384780830609426e-02
-1.307389350631101288e-01
-9.344993535533929752e-02
-7.462927732412778792e-02
-1.207622752032591340e-01
-1.479006993682026316e-01
-1.827153225454985486e-01
-5.527025111458583329e-02
-1.315787118972935321e-01
-2.530247485934217777e-01
-1.535063387832633075e-01
-1.697198136154266790e-01
-2.208621460218767873e-01
-5.005328184452586537e-01
-7.392743476576921213e-02
-1.489519171602493308e-01
-5.376861369694008186e-01
-2.110987034610189161e-01
-2.231842662014985879e-01
-4.196266973752731388e-01
-2.384102176263603323e-01
-3.416436228095469652e-01
-1.742538704263612848e-01
-5.328305115514166967e-01
-2.091980925471726704e-01
-6.760803508122268379e-01
-6.507113997421895002e-01
-3.666448948476711545e-01
-6.934247012697680734e-01
-5.314139394751136170e-01
-7.128176885686825504e-01
-4.288635281814786593e-01
-6.004901713684430709e-01
-5.856417040970478549e-01
-6.861479780244200688e-01
-5.820589976546558519e-01
-7.021097130783314766e-01
-6.067311465789603231e-01
-6.772966068459986833e-01
-3.149886283014059485e-01
-6.700108541296796449e-01
-6.534234983907906136e-01
-5.060034343208060781e-01
-7.136884712130048269e-01
-4.965457548805101706e-01
-4.733460524626815769e-01
-5.073853177561987726e-01
-2.720017471172248569e-01
-5.878958441768191712e-01
-6.838143835224738121e-01
-4.092060311685782326e-01
-7.044599161569278234e-01
-4.017213197175346084e-01
-3.244688154042291162e-01
-3.203096698009227361e-01
-1.952093615424741746e-01
-1.542967699237248191e-01
-1.336789058190064328e-01
-2.166346363108769546e-01
-1.178118077178303136e-01
-2.768565113251686971e-01
-3.667973561866971766e-01
-3.286210185675497719e-01
-4.228430712618785892e-01
-3.094237787847725629e-01
-3.768371930412360293e-01
-4.741661804846158401e-01
-3.357279308221487457e-01
-4.721487838820960792e-01
-4.357109639985255467e-01
-1.419377513222084830e-01
-4.208085226050231609e-01
-3.797957725826806574e-01
-3.735986330573216607e-01
-3.991091464738530936e-01
-3.463221893461381762e-01
-1.410817897268102639e-01
-4.019905709709428732e-01
-3.669416180109262848e-01
-3.474168901650407926e-01
-3.967354349192917518e-01
-3.813914671773369069e-01
-3.153834482520097016e-01
-3.153069707449395187e-01
-3.915423690061209383e-01
-3.950758255036094235e-01
-3.979653399242980560e-01
-3.643775359863745678e-01
-2.557785081273157290e-01
-4.816277622459199104e-01
-5.430399222351053323e-01
-3.228484121568534482e-01
-3.855078517100589686e-01
-3.907176010738763194e-01
-3.129899475897983119e-01
-1.355600014139260456e-01
-3.505978251149632907e-01
-5.280753103710214003e-01
-3.089783614138724710e-01
-3.005799014933513424e-01
-4.575894071548534114e-01
-4.050623208813908249e-01
-3.824556783867622545e-01
-3.517347338510791732e-01
-3.649185043915567639e-01
-4.209943460779234092e-01
-3.111291745172062306e-01
-1.364233647772894187e-01
-4.554918922442351414e-01
-4.154696002493089568e-01
-4.452534230962237882e-01
-1.084388906421530629e-01
