-3.708388814913448628e-01
-3.695073235685752411e-01
-4.234354194407456973e-01
-4.274300932090546179e-01
-3.242343541944074370e-01
-4.700399467376830676e-01
-3.675099866844207530e-01
-5.712383488681758159e-01
-4.001331557922769289e-01
-3.781624500665778932e-01
-5.286284953395472552e-01
-4.573901464713714948e-01
-4.840213049267643175e-01
-5.086551264980027076e-01
-3.601864181091877226e-01
-5.439414114513981824e-01
-5.672436750998668398e-01
-4.607190412782956046e-01
-4.600532623169107937e-01
-5.206391478029294140e-01
-5.000000000000000000e-01
-5.259653794940080118e-01
-4.241011984021305081e-01
-6.990679094540612482e-02
-3.708388814913448628e-01
-4.727030625832223665e-01
-3.635153129161118879e-01
-4.727030625832223665e-01
-3.948069241011983865e-01
-5.053262316910785978e-01
-5.532623169107856453e-01
-5.619174434087882419e-01
-3.568575233022636684e-01
-5.006657789613848664e-01
-3.508655126498002597e-01
-5.399467376830892063e-01
-4.260985352862849407e-01
-5.486018641810919139e-01
-5.286284953395472552e-01
-5.712383488681758159e-01
-5.053262316910785978e-01
-5.639147802929427300e-01
-5.505992010652462909e-01
-5.412782956058588280e-01
-4.667110519307590133e-01
-5.346205059920106084e-01
-5.559254327563248888e-01
-5.266311584553927672e-01
-5.466045272969374258e-01
-5.492676431424766692e-01
-4.960053262316910794e-01
-5.692410119840213278e-01
-5.312916111850864986e-01
-6.005326231691078265e-01
-5.246338215712383901e-01
-5.945406125166444733e-01
-5.572569906790945105e-01
-5.046604527296937315e-01
-6.278295605858854600e-01
-5.918774966711052299e-01
-1.633471316701619602e-01
-1.534868489057886198e-01
-1.162704441623973600e-01
-1.335422477411474795e-01
-1.797614592229779817e-01
-1.344628174766444029e-01
-1.327904176579743356e-01
-2.572289408396245536e-01
-1.541435183463175651e-01
-1.775742719256462598e-01
-1.229192943970323498e-01
-3.666301165638045090e-01
-2.741440676399568566e-01
-3.870973929176372841e-01
-4.037533887651666431e-01
-4.067987964275991963e-01
-3.863089339008359824e-01
-2.632949751231924984e-01
-3.534850350976931344e-01
-2.322929457908130269e-01
-4.590095180223710547e-01
-4.694141454920036094e-01
-3.795061053576883059e-01
-3.287233027581714095e-01
-3.764894705476495851e-01
-4.905403800188429808e-01
-4.404985624797623234e-01
-4.114091099421678388e-01
-2.709800978589286813e-01
-4.468858340205107416e-01
-4.111631090805383804e-01
-4.420027641698255350e-01
-4.457977960010584551e-01
-4.792868362081620370e-01
-3.906876736616045065e-01
-3.893602270370027929e-01
-3.857806993375651472e-01
-3.293700435634115964e-01
-3.313564118283750526e-01
-3.441128388670467442e-01
-3.494325733447238846e-01
-3.551807578848463764e-01
-3.921384857471125196e-01
-3.429978850174275617e-01
-3.339750831758067640e-01
-3.907859685142032191e-01
-3.636843554618277019e-01
-4.370469584699706589e-01
-3.530147846309473758e-01
-3.959973566508510068e-01
-4.800791292667622723e-01
-4.418610962849461865e-01
-4.146329130828020904e-01
-3.253773428052372241e-01
-4.205461536207821815e-01
-3.818454808639382136e-01
-3.364507249082720475e-01
-4.325100824145537426e-01
-3.659416512753502770e-01
-3.092311849634798437e-01
-1.971052209813592693e-01
-2.165290896163899192e-01
-2.354494148196419889e-01
-1.900985607101874919e-01
-1.840188533959175032e-01
-2.021290896163899509e-01
-1.620627164958388100e-01
-2.317832356498886470e-01
-1.845420977464712342e-01
-2.029355412292931649e-01
-4.357013135319986463e-01
-4.111782493913749836e-01
-1.936704911573332022e-01
-2.011955885500076868e-01
-2.756638582254983261e-01
-1.771933407754304468e-01
-4.476871988691114579e-01
-6.563912140484237101e-01
-4.528538763248904919e-01
-1.895403959430676522e-01
-4.096911902516626180e-01
-3.602833718186854162e-01
-4.001764382637967299e-01
-4.754279511430158922e-01
-1.980457289868125526e-01
-3.296454694934560781e-01
-5.409186431929187133e-01
-3.214310905981693778e-01
-4.451637508911692187e-01
-2.935646912207232062e-01
-4.295494112733329040e-01
-3.331689247771342788e-01
-2.068620811729722231e-01
-4.190708690286349958e-01
-5.773963387322436080e-01
-5.940594714333780058e-01
-4.283928043051695167e-01
-7.223245680501246824e-01
-4.963739798900648204e-01
-4.386490783347815059e-01
-6.514636226617015469e-01
-2.324473953175255070e-01
-3.492707518741433037e-01
-3.437547944059337057e-01
-6.567793969691858580e-01
-6.710914503237861428e-01
-6.472649215871351114e-01
-4.984633115414790483e-01
-6.427069992022996781e-01
-7.341220693685533982e-01
-4.489451711149650137e-01
-6.858827824654649685e-01
-5.434410757029032313e-01
-5.026503789314505921e-01
-4.888617386227894213e-01
-1.847602795646530460e-01
-4.828786200341667612e-01
-6.543061877386866509e-01
-3.882894183155622403e-01
-5.339501000380864060e-01
-1.469715642073666506e-01
-1.943799992701031321e-01
-1.106481566106080755e-01
-5.962363769860738044e-02
-1.011515298276172564e-01
-1.038795365150987776e-01
-9.872485103687897445e-02
-2.521528709172069505e-01
-1.080475635089053477e-01
-1.118978331993586706e-01
-2.125305058676819903e-01
-1.114457505412868449e-01
-1.106071588006181383e-01
-1.362789107271366873e-01
-1.842877681738539497e-01
-1.586890167398933849e-01
-1.147533107071712494e-01
-3.439667677479110175e-01
-2.803165592332333977e-01
-4.166212265602233233e-01
-3.092831790584974483e-01
-2.668402003518454135e-01
-3.046234178658084879e-01
-1.805164411021011328e-01
-1.902058311293131354e-01
-5.159618396074279190e-01
-5.156276551650005313e-01
-2.971833504932906433e-01
-4.409107671732505063e-01
-4.642290886530876515e-01
-5.115685385548014441e-01
-1.352155164569395773e-01
-5.653938219499599072e-01
-4.103394132145258277e-01
-5.132632162505708084e-01
-5.507198677206404103e-01
-5.742218984757192501e-01
-3.117743727951853838e-01
-4.388660507657332621e-01
-2.655804160218256937e-01
-5.093551810669925128e-01
-4.164585934828073377e-01
-4.054055825429000448e-01
-6.856962155819369409e-01
-6.453741052595678429e-01
-6.077004177336543522e-01
-6.835276289676877060e-01
-4.501906283862704972e-01
-4.519025622309301160e-01
-5.685180755269684250e-01
-5.346530916278540158e-01
-3.166797172340363731e-01
-3.304865227425995977e-01
-5.161566701620003972e-01
-2.076694568099150540e-01
-6.227341580197903737e-01
-3.978355392098625876e-01
-5.974594128380100733e-01
-5.395991961695361105e-01
-9.644247028886794582e-02
-1.778019036651295459e-01
-3.467716571929541081e-01
-1.871066610271426567e-01
-1.861204700785786537e-01
-2.945899251604757740e-01
-2.315478314346996191e-01
-2.470659835168803053e-01
-2.692433349640172557e-01
-3.203078809090347812e-01
-2.170712203470261947e-01
-2.714238764705339535e-01
-2.011160769147098404e-01
-2.914116398255367502e-01
-3.237667839636985123e-01
-2.602051203113537881e-01
-2.369729487453054451e-01
-1.627996880344177444e-01
-3.708303729451979946e-01
-1.944043003904411260e-01
-3.770935461475408701e-01
-2.127979687578333279e-01
-1.948037604910802245e-01
-2.285823155132700180e-01
-3.348947468630146806e-01
-1.787718343782560837e-01
-1.071626661519424484e-01
-2.386737736252348141e-01
-2.143626127067742304e-01
-2.307763107051957197e-01
-1.761877038468033230e-01
-2.228660599472715442e-01
-4.131913463712034162e-01
-2.168398044880548992e-01
-2.050878516942734042e-01
-2.385491439452307461e-01
-3.253564832536361418e-01
-2.321832347593039692e-01
-3.044019010589310570e-01
-2.430311650666598933e-01
-3.295412446299189613e-01
-1.552657049251179311e-01
-3.468637947263934485e-01
-2.456006596216053217e-01
-3.017504694324586456e-01
-1.269553603440471690e-01
-3.869631536015581963e-01
-2.929408762148006939e-01
-3.268836844552384657e-01
-4.173264437389609394e-01
-2.012105753201325897e-01
-2.476843770524944921e-01
-3.036763134018872212e-01
-1.691183167975466861e-01
-2.128102415095391164e-01
-2.550851466773955134e-01
-2.440710207194591308e-01
-5.017152226788500480e-01
-1.991848120523650456e-01
-4.010427099831339603e-01
-3.694633217375598022e-01
-1.762514195809715689e-01
-1.352829759554942668e-01
-1.666950512553095620e-01
-1.557954524925707629e-01
-1.465003450842558286e-01
-2.094752840525722637e-01
-1.391822342156962822e-01
-2.202052109454363527e-01
-1.534200202619576403e-01
-1.774355630388193550e-01
-1.716555954416295049e-01
-1.684628397897485197e-01
-2.246694069131635607e-01
-2.151592748856843984e-01
-3.026348356448767540e-01
-3.682081377400928113e-01
-3.179354895339289722e-01
-1.800785237491565050e-01
-2.408982521461638382e-01
-1.605613524320765040e-01
-1.627299219589939949e-01
-4.370522709766295755e-01
-5.533635662260437682e-01
-1.766074927160816710e-01
-3.697458540933606930e-01
-5.157826319152633010e-01
-4.543846608369543350e-01
-5.379803225270525235e-01
-4.245806585202815953e-01
-2.902031327399636207e-01
-3.797407403026796802e-01
-5.045119233250873192e-01
-4.514329062070636667e-01
-3.840853447352566841e-01
-3.589804190852282084e-01
-5.161431579719755192e-01
-4.729475760284908570e-01
-4.375028550296828911e-01
-5.419843189872742828e-01
-4.626150833780383609e-01
-3.538280885286423372e-01
-3.390672477449603317e-01
-4.399655902010199959e-01
-3.551329614944076507e-01
-3.911784198061789009e-01
-2.467652020618644748e-01
-2.497112705263841437e-01
-4.830426306747505061e-01
-2.004657849991893781e-01
-5.549594340900071421e-01
-3.434501243068549536e-01
-5.792198999042742491e-01
-1.672795658634765870e-01
-4.371830793955905348e-01
-4.363728162707431468e-01
-4.567395339607633886e-01
-5.536736501583848780e-01
-4.495647630943593320e-01
-6.079359514212889781e-01
-5.937159652795428455e-01
-1.277780494034044811e-01
-1.420469813308133933e-01
-1.669080754665800415e-01
-1.309321629925137009e-01
-1.125568591353266479e-01
-2.031082615724431051e-01
-1.000556523456160168e-01
-1.998667007473956259e-01
-1.470359796775700667e-01
-1.577563378638658642e-01
-1.970992169135351302e-01
-1.345161435734009425e-01
-2.188041778728964659e-01
-1.061880200491665677e-01
-2.105817726227393050e-01
-2.247721145791781727e-01
-2.167252048558676036e-01
-1.309875660372981920e-01
-1.693406610145505309e-01
-1.128239217499239083e-01
-1.527228792972873117e-01
-2.174745313829344051e-01
-1.353725565911656770e-01
-2.099971210350280448e-01
-1.122660580082814191e-01
-2.230766086092222655e-01
-1.210355011042359291e-01
-2.046628365310742548e-01
-2.807897389609737004e-01
-2.210261929974584871e-01
-1.063838135732378259e-01
-1.618004012955989723e-01
-8.756245618070165881e-02
-1.113069373601490025e-01
-1.246764318405341465e-01
-2.959860044177816674e-01
-2.004953577722462799e-01
-3.154890528472749089e-01
-2.711651231884388280e-01
-1.787845428272059056e-01
-2.259427984575221038e-01
-2.226018949526013258e-01
-1.583829570865680769e-01
-3.582246286988378658e-01
-4.108600007387236408e-01
-2.328475162456680736e-01
-2.136443867363918003e-01
-3.306685046725893473e-01
-3.377286652514144838e-01
-3.195293960509807407e-01
-3.562397760434751204e-01
-3.638402600067250359e-01
-2.711231588016242422e-01
-4.155781168297315586e-01
-3.019086016791768801e-01
-4.479913284330111489e-01
-3.272311207876667516e-01
-4.260416180633412320e-01
-3.999308029863228309e-01
-1.025958299974984167e-01
