-4.054593874833555267e-01
-5.073235685752329749e-01
-3.189081225033288947e-01
-3.475366178428761499e-01
-4.001331557922769289e-01
-4.474034620505992210e-01
-3.761651131824234606e-01
-6.258322237017309719e-01
-7.876165113182423960e-01
-5.099866844207723293e-01
-4.620505992010652263e-01
-5.918774966711052299e-01
-6.051930758988015580e-01
-3.834886817576563800e-01
-6.651131824234354228e-01
-6.964047936085219215e-01
-3.535286284953395586e-01
-6.611185086551264467e-01
-3.768308921438082160e-01
-6.930758988015979227e-01
-8.548601864181092358e-01
-4.620505992010652263e-01
-4.573901464713714948e-01
-5.665778961384819734e-01
-2.956058588548601818e-01
-8.302263648468708457e-01
-6.757656458055925075e-01
-5.266311584553927672e-01
-4.640479360852197144e-01
-7.316910785619173963e-01
-8.142476697736351632e-01
-5.466045272969374258e-01
-5.306258322237017433e-01
-7.902796271637816394e-01
-8.002663115845538577e-01
-7.589880159786950298e-01
-5.705725699067909495e-01
-7.396804260985351265e-01
-5.059920106524633532e-01
-6.125166444740346439e-01
-6.071904127829560460e-01
-4.547270306258321959e-01
-2.996005326231691024e-01
-3.695073235685752411e-01
-6.418109187749667655e-01
-6.311584553928095698e-01
-8.122503328894806751e-01
-4.633821571238349035e-01
-7.117177097203728486e-01
-6.298268974700399481e-01
-7.563249001331557864e-01
-7.363515312916112387e-01
-6.165113182423435090e-01
-7.103861517976032269e-01
-4.860186418109187501e-01
-8.095872170439414317e-01
-8.082556591211718100e-01
-5.619174434087882419e-01
-7.796271637816245548e-01
-3.315579227696404674e-01
-1.716182180915418187e-01
-2.185229755371041471e-01
-1.394076998079429031e-01
-1.488018416509280240e-01
-1.495137765772741045e-01
-1.266004925546701521e-01
-1.747309380141164881e-01
-3.199865429039374654e-01
-2.076877329878177303e-01
-2.057108307729579866e-01
-5.858511005459779986e-01
-4.305030696490120268e-01
-2.652644673538181452e-01
-3.351877593177245429e-01
-2.504568651858881667e-01
-4.886456082544560209e-01
-4.864333845644943644e-01
-3.612560208640930304e-01
-3.920632782328263843e-01
-6.016315158018177289e-01
-4.692034434093280693e-01
-5.881972311968866052e-01
-4.897434176248459670e-01
-6.643303208913179381e-01
-5.010701491471732938e-01
-5.102467664630109256e-01
-6.488644374280859717e-01
-6.034645684108728148e-01
-4.045401162531476191e-01
-6.073525801876007435e-01
-4.897544673489363509e-01
-6.454153117648974147e-01
-6.723453534000318754e-01
-6.535074965315782469e-01
-6.999878567751821601e-01
-6.751072286199126804e-01
-6.093078731814218774e-01
-6.368863919461998924e-01
-6.129606850968816190e-01
-6.310455303905658786e-01
-7.162410009521366083e-01
-5.213070798475599732e-01
-6.509617779122177650e-01
-4.852502460896607195e-01
-6.292412728336829186e-01
-5.705280968492095761e-01
-6.513812568395186409e-01
-5.278940707772921126e-01
-6.907824572313162603e-01
-6.174361742931617769e-01
-6.051820612058080862e-01
-6.606545091434672390e-01
-5.652091343526559619e-01
-7.084859391621091129e-01
-7.373038591533043196e-01
-6.935153733254212360e-01
-6.482782336938692769e-01
-6.471446009939398891e-01
-6.809765385447739128e-01
-5.852945257026914705e-01
-1.925342498663395463e-01
-1.370322012592515015e-01
-2.044330416248516524e-01
-1.462341426521158450e-01
-1.981696259937025251e-01
-1.839951662741630689e-01
-1.901335862428662760e-01
-2.174848884694913775e-01
-1.858704761716786780e-01
-2.293639872480242037e-01
-1.902940550088207117e-01
-1.617822584805116981e-01
-1.784291198522294786e-01
-1.257244002771827629e-01
-2.021290896163899509e-01
-6.207703112101203846e-01
-2.153832223025101134e-01
-3.466458758896823200e-01
-4.870120183901710531e-01
-4.180808923528037679e-01
-6.411573447087178801e-01
-6.069882907085264456e-01
-4.004683133207881385e-01
-2.757010433709152775e-01
-2.547897343778125490e-01
-3.174594338006034855e-01
-3.316708983471509664e-01
-3.989055435742069888e-01
-5.715177621660961771e-01
-5.881457962226867009e-01
-4.949110426366724047e-01
-6.074567159501549352e-01
-4.790112162504057136e-01
-5.700646435815481805e-01
-7.010437772765109044e-01
-7.501847016960041525e-01
-6.612974703776365315e-01
-5.658867147236292805e-01
-7.767261204055121437e-01
-5.857514521619959780e-01
-7.378492955028266298e-01
-2.129284152435905464e-01
-6.871206307391071189e-01
-6.112591401812087488e-01
-5.650278636514631803e-01
-2.119247616912723620e-01
-3.653196784808262487e-01
-4.932639267958650042e-01
-7.652628930366878190e-01
-6.938847069858681271e-01
-5.169371412094559970e-01
-7.580649686216233141e-01
-7.094308477975427296e-01
-7.524361439791716899e-01
-7.893121220358991774e-01
-6.952919262595421701e-01
-5.152181794346336607e-01
-7.070402189771564094e-01
-6.852048701979838174e-01
-6.380103485082424530e-01
-2.983875015374352069e-01
-1.862899310539361253e-01
-2.549611798299499243e-01
-1.519634122954591215e-01
-2.102670864946892537e-01
-1.748527858307171723e-01
-3.826248749034051322e-01
-1.081182463414156469e-01
-2.864165729664377436e-01
-3.229288631450246694e-01
-2.211033264050015212e-01
-3.265582631435922090e-01
-2.250667144148549847e-01
-1.566381315479514202e-01
-3.889761868311669146e-01
-4.520995606118442534e-01
-2.240021094901423204e-01
-3.679707462700649301e-01
-2.368464998317440506e-01
-2.934811990031589435e-01
-3.360504053780900557e-01
-3.422906430571805436e-01
-3.610144980624430122e-01
-2.577877441333975561e-01
-3.473563708708523601e-01
-2.865569061419810937e-01
-2.817641860590250902e-01
-3.540472647143848017e-01
-1.770125971236554130e-01
-2.359869811302858500e-01
-2.924794001820291700e-01
-4.281995687548432739e-01
-2.937983566342736719e-01
-3.959181878815360434e-01
-3.222133734244215786e-01
-3.394833002014969181e-01
-2.645808085516510033e-01
-3.988247223844559874e-01
-3.393795228120900509e-01
-1.827044229923354135e-01
-1.927246714270609562e-01
-3.057038377587441569e-01
-4.578869746671125895e-01
-3.545370285369807695e-01
-4.098647666615433671e-01
-3.633343652347190700e-01
-3.837517298983302294e-01
-3.380495180219713625e-01
-3.871708370688772272e-01
-3.330750748155907326e-01
-3.242485784459575582e-01
-3.475949471277675618e-01
-3.453591212379550912e-01
-3.568767044602748628e-01
-4.300862281059718017e-01
-3.119951504054759850e-01
-3.170117486200832446e-01
-3.671813525624867403e-01
-3.162215365255086619e-01
-2.725722925943256936e-01
-4.921148775204337578e-01
-2.739094870874627663e-01
-2.553853788462467356e-01
-9.482175918761895361e-02
-2.409614191221491064e-01
-1.006308343328285587e-01
-3.368182004597407020e-01
-1.674462263421877262e-01
-2.239882665865984834e-01
-2.479915123896686835e-01
-4.189291120337778063e-01
-4.190622695030070122e-01
-5.416221753287475682e-01
-3.695822201336437240e-01
-4.743635808914249408e-01
-3.946991642428115954e-01
-3.435423116329300308e-01
-4.367187821306722784e-01
-3.488556492701105904e-01
-3.850458867400419760e-01
-5.258162851753094280e-01
-4.831940960011322228e-01
-4.738790117584800177e-01
-2.771268776167183367e-01
-2.658806675994685453e-01
-4.030106816132151826e-01
-2.088761666584317833e-01
-2.509612318016306576e-01
-2.620346757427530204e-01
-4.311717306551747231e-01
-3.486965162365262549e-01
-3.606027221381542525e-01
-3.846255278230695240e-01
-3.621206620142403687e-01
-2.002557916880003952e-01
-2.284190113856487958e-01
-4.930475688240018028e-01
-4.562814369528905845e-01
-5.140502863289142521e-01
-6.465245768139911142e-01
-4.048287416278134598e-01
-3.084021127220675784e-01
-3.142132062232401157e-01
-6.366301882127795020e-01
-4.604008379471191681e-01
-3.057757214147531211e-01
-1.653948171760789287e-01
-2.122406694020892159e-01
-5.713171414201139164e-01
-3.170594607811464405e-01
-5.075691840734484206e-01
-4.298181588329588187e-01
-3.515270656430821705e-01
-5.203077931308209836e-01
-4.466077588882680915e-01
-3.692280690657085973e-01
-1.757785049795585475e-01
-5.703366508068627994e-01
-4.666819344653284074e-01
-3.497382696181140505e-01
-2.149365572570522132e-01
-1.067348399450889912e-01
-1.739711097393827899e-01
-1.579869943842470703e-01
-1.391981098622689927e-01
-1.482807436266750378e-01
-1.876695592126608747e-01
-2.162661062174625337e-01
-1.746242865260807797e-01
-1.906365468909891892e-01
-1.248307439857913453e-01
-2.736375877349760399e-01
-2.639498677574759755e-01
-2.247576650209661686e-01
-2.048306482497631864e-01
-1.637694333585507922e-01
-2.683237408762085829e-01
-1.707889617354858558e-01
-1.936048626509180859e-01
-2.419103572568121474e-01
-2.566161912641746756e-01
-1.549886291548968065e-01
-2.368353381245933420e-01
-3.205470931671605128e-01
-4.399375405720915566e-01
-5.556158620405990956e-01
-2.545897120377433320e-01
-2.762693741845864137e-01
-2.852232094490471659e-01
-3.363998485145049400e-01
-2.023149436640674370e-01
-2.181835567771397977e-01
-4.950496235212863416e-01
-5.476236845009198051e-01
-4.172441941222494455e-01
-6.615014250122817074e-01
-2.507686955723783528e-01
-1.901142076682935111e-01
-5.166608086904209696e-01
-2.995234487914741894e-01
-6.011021359087056481e-01
-1.636348194525188982e-01
-4.343208907808121522e-01
-5.090426402096491776e-01
-2.469317294839908361e-01
-2.799161235601429487e-01
-6.184444278025834629e-01
-3.367534717423085744e-01
-4.311455669530269708e-01
-4.977237497261503552e-01
-4.359105266814901070e-01
-6.197706373328069063e-01
-4.128373268958373532e-01
-5.684275619263968737e-01
-4.086923958841658933e-01
-4.065972316383574814e-01
-3.437247946374130114e-01
-6.130168269047937546e-01
-3.975155545135011237e-01
-4.142634626866420477e-01
-4.017213197175346084e-01
-3.244688154042291162e-01
-3.203096698009227361e-01
-1.952093615424741746e-01
-1.542967699237248191e-01
-1.336789058190064328e-01
-2.166346363108769546e-01
-1.178118077178303136e-01
-2.768565113251686971e-01
-3.667973561866971766e-01
-3.286210185675497719e-01
-4.228430712618785892e-01
-3.094237787847725629e-01
-3.768371930412360293e-01
-4.741661804846158401e-01
-3.357279308221487457e-01
-4.721487838820960792e-01
-4.357109639985255467e-01
-1.419377513222084830e-01
-4.208085226050231609e-01
-3.797957725826806574e-01
-3.735986330573216607e-01
-3.991091464738530936e-01
-3.463221893461381762e-01
-1.410817897268102639e-01
-4.019905709709428732e-01
-3.669416180109262848e-01
-3.474168901650407926e-01
-3.967354349192917518e-01
-3.813914671773369069e-01
-3.153834482520097016e-01
-3.153069707449395187e-01
-3.915423690061209383e-01
-3.950758255036094235e-01
-3.979653399242980560e-01
-3.643775359863745678e-01
-2.557785081273157290e-01
-4.816277622459199104e-01
-5.430399222351053323e-01
-3.228484121568534482e-01
-3.855078517100589686e-01
-3.907176010738763194e-01
-3.129899475897983119e-01
-1.355600014139260456e-01
-3.505978251149632907e-01
-5.280753103710214003e-01
-3.089783614138724710e-01
-3.005799014933513424e-01
-4.575894071548534114e-01
-4.050623208813908249e-01
-3.824556783867622545e-01
-3.517347338510791732e-01
-3.649185043915567639e-01
-4.209943460779234092e-01
-3.111291745172062306e-01
-1.364233647772894187e-01
-4.554918922442351414e-01
-4.154696002493089568e-01
-4.452534230962237882e-01
-1.084388906421530629e-01
