-1.395611920921842608e-01
-1.539604461507538824e-01
-1.286444427876512753e-01
-1.692437193570116016e-01
-1.354977081493156377e-01
-2.050681751579789547e-01
-1.702683693581905078e-01
-3.328728001729194252e-01
-1.739182126999054001e-01
-1.356085354233299289e-01
-6.884886533975208556e-01
-3.332909613925089665e-01
-2.819602537713551405e-01
-2.254433959284423694e-01
-1.320569873652774617e-01
-4.211790024837208657e-01
-6.787840978207924092e-01
-4.459848810759549087e-01
-5.639458988623774482e-01
-6.308140253375358331e-01
-6.138934804442373050e-01
-6.300738223343362865e-01
-7.212145401797057653e-01
-3.840622717272104691e-01
-7.563437405775209621e-01
-4.501681941412679633e-01
-6.111707040988464401e-01
-4.837934302573280720e-01
-3.808953168303694792e-01
-7.752551894953297884e-01
-4.999294759384453890e-01
-7.384590104970218949e-01
-6.681410485584833303e-01
-7.059280544715570427e-01
-8.060832362020292630e-01
-7.488003159011201726e-01
-7.403540166522714072e-01
-6.924915573246493983e-01
-7.054339497503729906e-01
-6.298648080275199845e-01
-6.118419565305990293e-01
-5.825341175001954586e-01
-7.316289498846332284e-01
-5.306623364080963468e-01
-4.618376720272805436e-01
-6.387408523079176614e-01
-7.083465524660932378e-01
-7.504333326665856285e-01
-1.517829256175404762e-01
-6.590104004096734025e-01
-6.320788619059960478e-01
-6.963628150580539744e-01
-5.676302123170519076e-01
-6.570561556010131588e-01
-7.121521386753936200e-01
-6.387088916320271537e-01
-6.787775559448772089e-01
-7.705461695162543201e-01
-7.455891850081746153e-01
-2.085228851969385955e-01
-4.083130901388144496e-01
-3.650182989523262922e-01
-2.948274159957967600e-01
-7.337552859226006974e-02
-1.451207842702888495e-01
-1.602076529390589477e-01
-2.537662389243350303e-01
-3.373085959847529902e-01
-1.334963017319094336e-01
-3.422375116487119118e-01
-3.173059450826915540e-01
-2.703748271809854886e-01
-1.863183467869282406e-01
-2.725212719189892274e-01
-4.121265763655078129e-01
-3.474643377930095034e-01
-1.495319549800924464e-01
-1.849397033349748365e-01
-1.302024447951953268e-01
-4.076638633743863704e-01
-4.949547616423322083e-01
-4.185176386248755653e-01
-4.124728870290766958e-01
-3.746828986682868567e-01
-4.029331502840847179e-01
-4.079028491541347168e-01
-4.894106529993272892e-01
-3.868738717558484197e-01
-3.223669049709436130e-01
-3.772234603475039250e-01
-4.287929028689720923e-01
-3.504346831450807498e-01
-3.620379922208593615e-01
-4.234864001683892876e-01
-3.961566238435673126e-01
-3.422828648420018771e-01
-2.173363797803155584e-01
-4.758229183125082251e-01
-1.665232138083636571e-01
-2.525218816608507111e-01
-4.126518504280952682e-01
-3.849831234167118144e-01
-3.306934553106634089e-01
-2.140276075151905655e-01
-3.622035944183191192e-01
-3.852058116779050190e-01
-2.580084156683931096e-01
-4.828000989631492379e-01
-4.664950295812581582e-01
-2.697124862608996643e-01
-4.606143136585253428e-01
-2.857315785653926632e-01
-2.769459857212898668e-01
-3.246814691503014383e-01
-3.605693975464451251e-01
-3.466504286020151704e-01
-4.751986121449937039e-01
-4.079759518461386625e-01
-3.139620359224649104e-01
-3.347753389008248925e-01
-1.633471316701619602e-01
-1.534868489057886198e-01
-1.162704441623973600e-01
-1.335422477411474795e-01
-1.797614592229779817e-01
-1.344628174766444029e-01
-1.327904176579743356e-01
-2.572289408396245536e-01
-1.541435183463175651e-01
-1.775742719256462598e-01
-1.229192943970323498e-01
-3.666301165638045090e-01
-2.741440676399568566e-01
-3.870973929176372841e-01
-4.037533887651666431e-01
-4.067987964275991963e-01
-3.863089339008359824e-01
-2.632949751231924984e-01
-3.534850350976931344e-01
-2.322929457908130269e-01
-4.590095180223710547e-01
-4.694141454920036094e-01
-3.795061053576883059e-01
-3.287233027581714095e-01
-3.764894705476495851e-01
-4.905403800188429808e-01
-4.404985624797623234e-01
-4.114091099421678388e-01
-2.709800978589286813e-01
-4.468858340205107416e-01
-4.111631090805383804e-01
-4.420027641698255350e-01
-4.457977960010584551e-01
-4.792868362081620370e-01
-3.906876736616045065e-01
-3.893602270370027929e-01
-3.857806993375651472e-01
-3.293700435634115964e-01
-3.313564118283750526e-01
-3.441128388670467442e-01
-3.494325733447238846e-01
-3.551807578848463764e-01
-3.921384857471125196e-01
-3.429978850174275617e-01
-3.339750831758067640e-01
-3.907859685142032191e-01
-3.636843554618277019e-01
-4.370469584699706589e-01
-3.530147846309473758e-01
-3.959973566508510068e-01
-4.800791292667622723e-01
-4.418610962849461865e-01
-4.146329130828020904e-01
-3.253773428052372241e-01
-4.205461536207821815e-01
-3.818454808639382136e-01
-3.364507249082720475e-01
-4.325100824145537426e-01
-3.659416512753502770e-01
-3.092311849634798437e-01
-1.778019036651295459e-01
-3.467716571929541081e-01
-1.871066610271426567e-01
-1.861204700785786537e-01
-2.945899251604757740e-01
-2.315478314346996191e-01
-2.470659835168803053e-01
-2.692433349640172557e-01
-3.203078809090347812e-01
-2.170712203470261947e-01
-2.714238764705339535e-01
-2.011160769147098404e-01
-2.914116398255367502e-01
-3.237667839636985123e-01
-2.602051203113537881e-01
-2.369729487453054451e-01
-1.627996880344177444e-01
-3.708303729451979946e-01
-1.944043003904411260e-01
-3.770935461475408701e-01
-2.127979687578333279e-01
-1.948037604910802245e-01
-2.285823155132700180e-01
-3.348947468630146806e-01
-1.787718343782560837e-01
-1.071626661519424484e-01
-2.386737736252348141e-01
-2.143626127067742304e-01
-2.307763107051957197e-01
-1.761877038468033230e-01
-2.228660599472715442e-01
-4.131913463712034162e-01
-2.168398044880548992e-01
-2.050878516942734042e-01
-2.385491439452307461e-01
-3.253564832536361418e-01
-2.321832347593039692e-01
-3.044019010589310570e-01
-2.430311650666598933e-01
-3.295412446299189613e-01
-1.552657049251179311e-01
-3.468637947263934485e-01
-2.456006596216053217e-01
-3.017504694324586456e-01
-1.269553603440471690e-01
-3.869631536015581963e-01
-2.929408762148006939e-01
-3.268836844552384657e-01
-4.173264437389609394e-01
-2.012105753201325897e-01
-2.476843770524944921e-01
-3.036763134018872212e-01
-1.691183167975466861e-01
-2.128102415095391164e-01
-2.550851466773955134e-01
-2.440710207194591308e-01
-5.017152226788500480e-01
-1.991848120523650456e-01
-4.010427099831339603e-01
-3.694633217375598022e-01
-1.585661421653301595e-01
-2.241358844891740976e-01
-2.574984499732259069e-01
-2.758196419730332694e-01
-3.463904573382459717e-01
-2.510094396506878933e-01
-1.735630631800181845e-01
-7.250727869032714823e-01
-2.963320627074721991e-01
-1.580652400552491343e-01
-3.732019986046534177e-01
-8.177979921522642304e-01
-7.453209841527670410e-01
-6.628142928621061358e-01
-7.900812362304729941e-01
-6.727161489679994721e-01
-8.538465579476064438e-01
-8.294711239493505195e-01
-5.737476164564183634e-01
-4.006279787057615005e-01
-8.109437107196815209e-01
-8.298971931933450952e-01
-4.766283181985644934e-01
-8.277278319407643803e-01
-8.288579329900491732e-01
-8.346851423286569815e-01
-8.388262161668684769e-01
-7.689540520165181192e-01
-7.797030128106825497e-01
-8.358476668006661336e-01
-8.050480774077645174e-01
-8.593747640229579821e-01
-7.864986629046620825e-01
-8.377018413671806218e-01
-8.595373314903336226e-01
-8.358274304096035001e-01
-7.343821891213614395e-01
-8.527864681557753013e-01
-8.639460482259340157e-01
-8.235345948202139610e-01
-8.406186377934368181e-01
-8.464612693503221763e-01
-8.627879575130341649e-01
-8.339497129782588170e-01
-8.616019059639011823e-01
-8.444007576517055247e-01
-8.418334147779615861e-01
-8.369880798624780294e-01
-7.825405974107103590e-01
-8.200212271477678172e-01
-8.006458842278740828e-01
-8.477197459517296085e-01
-8.441746300638921507e-01
-8.446249416812634525e-01
-8.800649398366557907e-01
-8.168091749640252752e-01
-8.407537893968054510e-01
-7.474146740665683630e-01
-7.735863762340373651e-01
-8.301078697354988822e-01
-3.328888310638593029e-01
-2.930537215338419044e-01
-3.846219332599616902e-01
-3.522149721037216574e-01
-3.262881639313346405e-01
-4.232134745349971361e-01
-2.110155651586730907e-01
-4.153066484848122464e-01
-3.079607310133460341e-01
-2.991327669919166543e-01
-6.583966894763333411e-01
-6.363316181289341289e-01
-3.208018178777616858e-01
-4.098988108133347907e-01
-5.573290010712561582e-01
-6.777753985357145572e-01
-6.378637662210971948e-01
-6.293980956471234567e-01
-6.089838538762406550e-01
-7.230879263510018307e-01
-6.963990993050318545e-01
-6.312389077747788679e-01
-6.671858647574814283e-01
-6.236391186053797941e-01
-6.764754707853291027e-01
-7.315052704935434136e-01
-5.914178823949298724e-01
-6.341443987816746120e-01
-6.708892068813051557e-01
-7.028500980672686138e-01
-5.070814358307773606e-01
-4.215138087799569777e-01
-5.401762805529267686e-01
-6.244881243315960617e-01
-6.829347377123622387e-01
-7.106924049583651648e-01
-6.383476167490966802e-01
-6.553756389032320273e-01
-6.929393435347905861e-01
-5.644016269556215715e-01
-5.866576815257988908e-01
-6.372708585017001770e-01
-7.000227789894791774e-01
-6.921910028597599851e-01
-6.243121131763424980e-01
-7.151615054886721889e-01
-7.098350926983185705e-01
-5.954474383149912509e-01
-6.487441738341651609e-01
-7.276319206108494697e-01
-7.121011405014289197e-01
-6.564515056135523663e-01
-6.935385142749999066e-01
-6.420793704184523110e-01
-6.623539388618405743e-01
-6.560425298115627468e-01
-6.922058359300300445e-01
-7.417286286744457779e-01
-7.232744471827627919e-01
-7.185944094507996649e-01
-1.716182180915418187e-01
-2.185229755371041471e-01
-1.394076998079429031e-01
-1.488018416509280240e-01
-1.495137765772741045e-01
-1.266004925546701521e-01
-1.747309380141164881e-01
-3.199865429039374654e-01
-2.076877329878177303e-01
-2.057108307729579866e-01
-5.858511005459779986e-01
-4.305030696490120268e-01
-2.652644673538181452e-01
-3.351877593177245429e-01
-2.504568651858881667e-01
-4.886456082544560209e-01
-4.864333845644943644e-01
-3.612560208640930304e-01
-3.920632782328263843e-01
-6.016315158018177289e-01
-4.692034434093280693e-01
-5.881972311968866052e-01
-4.897434176248459670e-01
-6.643303208913179381e-01
-5.010701491471732938e-01
-5.102467664630109256e-01
-6.488644374280859717e-01
-6.034645684108728148e-01
-4.045401162531476191e-01
-6.073525801876007435e-01
-4.897544673489363509e-01
-6.454153117648974147e-01
-6.723453534000318754e-01
-6.535074965315782469e-01
-6.999878567751821601e-01
-6.751072286199126804e-01
-6.093078731814218774e-01
-6.368863919461998924e-01
-6.129606850968816190e-01
-6.310455303905658786e-01
-7.162410009521366083e-01
-5.213070798475599732e-01
-6.509617779122177650e-01
-4.852502460896607195e-01
-6.292412728336829186e-01
-5.705280968492095761e-01
-6.513812568395186409e-01
-5.278940707772921126e-01
-6.907824572313162603e-01
-6.174361742931617769e-01
-6.051820612058080862e-01
-6.606545091434672390e-01
-5.652091343526559619e-01
-7.084859391621091129e-01
-7.373038591533043196e-01
-6.935153733254212360e-01
-6.482782336938692769e-01
-6.471446009939398891e-01
-6.809765385447739128e-01
-5.852945257026914705e-01
-4.921148775204337578e-01
-2.739094870874627663e-01
-2.553853788462467356e-01
-9.482175918761895361e-02
-2.409614191221491064e-01
-1.006308343328285587e-01
-3.368182004597407020e-01
-1.674462263421877262e-01
-2.239882665865984834e-01
-2.479915123896686835e-01
-4.189291120337778063e-01
-4.190622695030070122e-01
-5.416221753287475682e-01
-3.695822201336437240e-01
-4.743635808914249408e-01
-3.946991642428115954e-01
-3.435423116329300308e-01
-4.367187821306722784e-01
-3.488556492701105904e-01
-3.850458867400419760e-01
-5.258162851753094280e-01
-4.831940960011322228e-01
-4.738790117584800177e-01
-2.771268776167183367e-01
-2.658806675994685453e-01
-4.030106816132151826e-01
-2.088761666584317833e-01
-2.509612318016306576e-01
-2.620346757427530204e-01
-4.311717306551747231e-01
-3.486965162365262549e-01
-3.606027221381542525e-01
-3.846255278230695240e-01
-3.621206620142403687e-01
-2.002557916880003952e-01
-2.284190113856487958e-01
-4.930475688240018028e-01
-4.562814369528905845e-01
-5.140502863289142521e-01
-6.465245768139911142e-01
-4.048287416278134598e-01
-3.084021127220675784e-01
-3.142132062232401157e-01
-6.366301882127795020e-01
-4.604008379471191681e-01
-3.057757214147531211e-01
-1.653948171760789287e-01
-2.122406694020892159e-01
-5.713171414201139164e-01
-3.170594607811464405e-01
-5.075691840734484206e-01
-4.298181588329588187e-01
-3.515270656430821705e-01
-5.203077931308209836e-01
-4.466077588882680915e-01
-3.692280690657085973e-01
-1.757785049795585475e-01
-5.703366508068627994e-01
-4.666819344653284074e-01
-3.497382696181140505e-01
