-8.161655922679014741e-02
-9.980554080853357157e-02
-8.118291231669867714e-02
-1.592147375694858424e-01
-1.240059997478629439e-01
-7.889041637095194071e-02
-8.917686325550427950e-02
-2.267010140481476588e-01
-9.324571834269547443e-02
-2.396177651845800283e-01
-1.779913062598483253e-01
-1.552301999542612942e-01
-1.479251726801937838e-01
-1.890734691749909602e-01
-1.864322860518582425e-01
-1.385647768952506242e-01
-8.105080660995393760e-02
-1.492299062051274383e-01
-1.146859231019674852e-01
-1.530215533377199399e-01
-1.520137840390995421e-01
-2.568042933945815509e-01
-2.685647451907323680e-01
-3.252687410944311575e-01
-1.875856877194572725e-01
-1.778755620918568148e-01
-3.587754098450882667e-01
-1.559909513903737222e-01
-1.085627380182181134e-01
-2.195025145893035601e-01
-2.422634885380820502e-01
-4.027169450884773849e-01
-1.960703830390920221e-01
-1.713374858659498234e-01
-1.265125777581928568e-01
-2.480335409902170163e-01
-2.287798512122236061e-01
-2.493114021389094825e-01
-2.066547171295524676e-01
-2.122599846602935825e-01
-2.921144364074632627e-01
-1.326796498501875976e-01
-5.212698017282332286e-01
-2.596504685157466907e-01
-2.212917831590157092e-01
-1.644801903240484531e-01
-1.411107992427858282e-01
-3.393957322658047726e-01
-3.221064477753022293e-01
-6.760085148165992375e-02
-3.460814650945303050e-01
-2.379212771849320285e-01
-3.168018329293314506e-01
-2.746335772809721520e-01
-1.503380323280119335e-01
-2.795399015641494289e-01
-2.692057638640357742e-01
-1.150239208526770140e-01
-1.580104556783172298e-01
-3.845733174620608041e-01
-1.358160828108834206e-01
-1.366508430487927972e-01
-1.695163350214217712e-01
-1.322661957613345263e-01
-1.461706678172053353e-01
-1.374089520488947502e-01
-2.078194064293391041e-01
-1.167812248895690186e-01
-8.152834089688780483e-02
-2.032819525884896339e-01
-1.791365671188344111e-01
-1.776441149518729057e-01
-1.220522692067091131e-01
-1.928720459270981402e-01
-1.426080061805307664e-01
-1.640426434988393745e-01
-1.222681632296255261e-01
-1.509624302162305420e-01
-1.750681330659069612e-01
-8.015271644215467284e-02
-1.158137168768946512e-01
-2.301108717204097265e-01
-1.288624369527497371e-01
-2.057435769337955800e-01
-2.077548662948117408e-01
-2.045954354915963669e-01
-2.275334095623181008e-01
-8.206836381873880426e-02
-2.266848931585237481e-01
-2.517011196923215066e-01
-2.323224250270970459e-01
-2.811662810835433013e-01
-1.278093188333728203e-01
-1.280558272104270201e-01
-2.424238045625723981e-01
-1.768894491806361491e-01
-2.082565120144310167e-01
-2.705128597862394568e-01
-1.631300115310478083e-01
-2.770212769617165227e-01
-1.534934194638524207e-01
-1.605673582906438079e-01
-1.050249820381272264e-01
-1.895564708381247132e-01
-8.273896107846459569e-02
-1.516653340829964836e-01
-1.521008686888791761e-01
-1.436615321292145919e-01
-2.334022804368690029e-01
-9.983507575864805639e-02
-1.550215420671179900e-01
-2.310198452717899809e-01
-1.623785098599513088e-01
-2.351871475352581842e-01
-8.324152417814077720e-02
-2.230224140378917475e-01
-3.624715156330059473e-01
-1.046797164821665627e-01
-1.679997365171974066e-01
-3.578031660003296865e-01
-1.469715642073666506e-01
-1.943799992701031321e-01
-1.106481566106080755e-01
-5.962363769860738044e-02
-1.011515298276172564e-01
-1.038795365150987776e-01
-9.872485103687897445e-02
-2.521528709172069505e-01
-1.080475635089053477e-01
-1.118978331993586706e-01
-2.125305058676819903e-01
-1.114457505412868449e-01
-1.106071588006181383e-01
-1.362789107271366873e-01
-1.842877681738539497e-01
-1.586890167398933849e-01
-1.147533107071712494e-01
-3.439667677479110175e-01
-2.803165592332333977e-01
-4.166212265602233233e-01
-3.092831790584974483e-01
-2.668402003518454135e-01
-3.046234178658084879e-01
-1.805164411021011328e-01
-1.902058311293131354e-01
-5.159618396074279190e-01
-5.156276551650005313e-01
-2.971833504932906433e-01
-4.409107671732505063e-01
-4.642290886530876515e-01
-5.115685385548014441e-01
-1.352155164569395773e-01
-5.653938219499599072e-01
-4.103394132145258277e-01
-5.132632162505708084e-01
-5.507198677206404103e-01
-5.742218984757192501e-01
-3.117743727951853838e-01
-4.388660507657332621e-01
-2.655804160218256937e-01
-5.093551810669925128e-01
-4.164585934828073377e-01
-4.054055825429000448e-01
-6.856962155819369409e-01
-6.453741052595678429e-01
-6.077004177336543522e-01
-6.835276289676877060e-01
-4.501906283862704972e-01
-4.519025622309301160e-01
-5.685180755269684250e-01
-5.346530916278540158e-01
-3.166797172340363731e-01
-3.304865227425995977e-01
-5.161566701620003972e-01
-2.076694568099150540e-01
-6.227341580197903737e-01
-3.978355392098625876e-01
-5.974594128380100733e-01
-5.395991961695361105e-01
-9.644247028886794582e-02
-1.277780494034044811e-01
-1.420469813308133933e-01
-1.669080754665800415e-01
-1.309321629925137009e-01
-1.125568591353266479e-01
-2.031082615724431051e-01
-1.000556523456160168e-01
-1.998667007473956259e-01
-1.470359796775700667e-01
-1.577563378638658642e-01
-1.970992169135351302e-01
-1.345161435734009425e-01
-2.188041778728964659e-01
-1.061880200491665677e-01
-2.105817726227393050e-01
-2.247721145791781727e-01
-2.167252048558676036e-01
-1.309875660372981920e-01
-1.693406610145505309e-01
-1.128239217499239083e-01
-1.527228792972873117e-01
-2.174745313829344051e-01
-1.353725565911656770e-01
-2.099971210350280448e-01
-1.122660580082814191e-01
-2.230766086092222655e-01
-1.210355011042359291e-01
-2.046628365310742548e-01
-2.807897389609737004e-01
-2.210261929974584871e-01
-1.063838135732378259e-01
-1.618004012955989723e-01
-8.756245618070165881e-02
-1.113069373601490025e-01
-1.246764318405341465e-01
-2.959860044177816674e-01
-2.004953577722462799e-01
-3.154890528472749089e-01
-2.711651231884388280e-01
-1.787845428272059056e-01
-2.259427984575221038e-01
-2.226018949526013258e-01
-1.583829570865680769e-01
-3.582246286988378658e-01
-4.108600007387236408e-01
-2.328475162456680736e-01
-2.136443867363918003e-01
-3.306685046725893473e-01
-3.377286652514144838e-01
-3.195293960509807407e-01
-3.562397760434751204e-01
-3.638402600067250359e-01
-2.711231588016242422e-01
-4.155781168297315586e-01
-3.019086016791768801e-01
-4.479913284330111489e-01
-3.272311207876667516e-01
-4.260416180633412320e-01
-3.999308029863228309e-01
-1.025958299974984167e-01
-1.689778681571419416e-01
-1.104310895145889093e-01
-5.856380333406732003e-02
-1.088224746110297569e-01
-1.135894872364695135e-01
-1.267004721022851610e-01
-1.142036507092350356e-01
-1.921586625758007483e-01
-7.698474007444680578e-02
-4.591978051530554855e-02
-5.703790816612992476e-01
-2.542230923300713430e-01
-2.800341311315605597e-01
-1.722585900656239954e-01
-6.748236322113039254e-01
-3.240705232559293880e-01
-4.155974174622797390e-01
-1.902503181405388322e-01
-3.041720881288058620e-01
-3.508791942387888829e-01
-3.603547454911565917e-01
-3.980143085345618226e-01
-2.784118496962568190e-01
-4.993367652311995752e-01
-1.614975195493607019e-01
-8.128744061451016467e-01
-4.469105517190168908e-01
-6.283265861442320910e-01
-5.007089983656043408e-01
-4.957112380430025445e-01
-7.256068568799669549e-01
-1.119309731279438253e-01
-4.115944781550059939e-01
-5.942566446613994913e-01
-8.049665098376644901e-01
-7.131068252936388907e-01
-5.290267326956441529e-01
-4.622019460915957612e-01
-6.452802201459495457e-01
-6.520870385757504550e-01
-5.632857685494988553e-01
-8.403615088351410467e-01
-5.737778612754611540e-01
-3.248083400640549567e-01
-6.934318057265478341e-01
-8.027998720652584907e-01
-6.881843306567303475e-01
-7.439925652711172344e-01
-7.167089919898154138e-01
-5.951697958823176648e-01
-4.242951948621819236e-01
-7.725722138053142674e-01
-8.541938594431668363e-01
-7.246376627784009150e-01
-8.685153554541080734e-01
-7.794628276495781938e-01
-7.620395391901697568e-01
-6.712548890725253958e-01
-7.791537299612470990e-01
-7.749721051518532189e-01
-5.296953967346815922e-02
-8.091031998984310469e-02
-4.814937829372680639e-02
-6.496275857541695953e-02
-6.411250405213189674e-02
-7.339990439794892574e-02
-1.743053474908308753e-01
-2.051064089226060649e-01
-6.793384780830609426e-02
-1.307389350631101288e-01
-9.344993535533929752e-02
-7.462927732412778792e-02
-1.207622752032591340e-01
-1.479006993682026316e-01
-1.827153225454985486e-01
-5.527025111458583329e-02
-1.315787118972935321e-01
-2.530247485934217777e-01
-1.535063387832633075e-01
-1.697198136154266790e-01
-2.208621460218767873e-01
-5.005328184452586537e-01
-7.392743476576921213e-02
-1.489519171602493308e-01
-5.376861369694008186e-01
-2.110987034610189161e-01
-2.231842662014985879e-01
-4.196266973752731388e-01
-2.384102176263603323e-01
-3.416436228095469652e-01
-1.742538704263612848e-01
-5.328305115514166967e-01
-2.091980925471726704e-01
-6.760803508122268379e-01
-6.507113997421895002e-01
-3.666448948476711545e-01
-6.934247012697680734e-01
-5.314139394751136170e-01
-7.128176885686825504e-01
-4.288635281814786593e-01
-6.004901713684430709e-01
-5.856417040970478549e-01
-6.861479780244200688e-01
-5.820589976546558519e-01
-7.021097130783314766e-01
-6.067311465789603231e-01
-6.772966068459986833e-01
-3.149886283014059485e-01
-6.700108541296796449e-01
-6.534234983907906136e-01
-5.060034343208060781e-01
-7.136884712130048269e-01
-4.965457548805101706e-01
-4.733460524626815769e-01
-5.073853177561987726e-01
-2.720017471172248569e-01
-5.878958441768191712e-01
-6.838143835224738121e-01
-4.092060311685782326e-01
-7.044599161569278234e-01
-2.983875015374352069e-01
-1.862899310539361253e-01
-2.549611798299499243e-01
-1.519634122954591215e-01
-2.102670864946892537e-01
-1.748527858307171723e-01
-3.826248749034051322e-01
-1.081182463414156469e-01
-2.864165729664377436e-01
-3.229288631450246694e-01
-2.211033264050015212e-01
-3.265582631435922090e-01
-2.250667144148549847e-01
-1.566381315479514202e-01
-3.889761868311669146e-01
-4.520995606118442534e-01
-2.240021094901423204e-01
-3.679707462700649301e-01
-2.368464998317440506e-01
-2.934811990031589435e-01
-3.360504053780900557e-01
-3.422906430571805436e-01
-3.610144980624430122e-01
-2.577877441333975561e-01
-3.473563708708523601e-01
-2.865569061419810937e-01
-2.817641860590250902e-01
-3.540472647143848017e-01
-1.770125971236554130e-01
-2.359869811302858500e-01
-2.924794001820291700e-01
-4.281995687548432739e-01
-2.937983566342736719e-01
-3.959181878815360434e-01
-3.222133734244215786e-01
-3.394833002014969181e-01
-2.645808085516510033e-01
-3.988247223844559874e-01
-3.393795228120900509e-01
-1.827044229923354135e-01
-1.927246714270609562e-01
-3.057038377587441569e-01
-4.578869746671125895e-01
-3.545370285369807695e-01
-4.098647666615433671e-01
-3.633343652347190700e-01
-3.837517298983302294e-01
-3.380495180219713625e-01
-3.871708370688772272e-01
-3.330750748155907326e-01
-3.242485784459575582e-01
-3.475949471277675618e-01
-3.453591212379550912e-01
-3.568767044602748628e-01
-4.300862281059718017e-01
-3.119951504054759850e-01
-3.170117486200832446e-01
-3.671813525624867403e-01
-3.162215365255086619e-01
-2.725722925943256936e-01
-4.017213197175346084e-01
-3.244688154042291162e-01
-3.203096698009227361e-01
-1.952093615424741746e-01
-1.542967699237248191e-01
-1.336789058190064328e-01
-2.166346363108769546e-01
-1.178118077178303136e-01
-2.768565113251686971e-01
-3.667973561866971766e-01
-3.286210185675497719e-01
-4.228430712618785892e-01
-3.094237787847725629e-01
-3.768371930412360293e-01
-4.741661804846158401e-01
-3.357279308221487457e-01
-4.721487838820960792e-01
-4.357109639985255467e-01
-1.419377513222084830e-01
-4.208085226050231609e-01
-3.797957725826806574e-01
-3.735986330573216607e-01
-3.991091464738530936e-01
-3.463221893461381762e-01
-1.410817897268102639e-01
-4.019905709709428732e-01
-3.669416180109262848e-01
-3.474168901650407926e-01
-3.967354349192917518e-01
-3.813914671773369069e-01
-3.153834482520097016e-01
-3.153069707449395187e-01
-3.915423690061209383e-01
-3.950758255036094235e-01
-3.979653399242980560e-01
-3.643775359863745678e-01
-2.557785081273157290e-01
-4.816277622459199104e-01
-5.430399222351053323e-01
-3.228484121568534482e-01
-3.855078517100589686e-01
-3.907176010738763194e-01
-3.129899475897983119e-01
-1.355600014139260456e-01
-3.505978251149632907e-01
-5.280753103710214003e-01
-3.089783614138724710e-01
-3.005799014933513424e-01
-4.575894071548534114e-01
-4.050623208813908249e-01
-3.824556783867622545e-01
-3.517347338510791732e-01
-3.649185043915567639e-01
-4.209943460779234092e-01
-3.111291745172062306e-01
-1.364233647772894187e-01
-4.554918922442351414e-01
-4.154696002493089568e-01
-4.452534230962237882e-01
-1.084388906421530629e-01
