-2.289007431596970510e-01
-2.045681140066338555e-01
-2.029164911911930935e-01
-2.078335846778694707e-01
-1.822943788725882863e-01
-1.833790896163899342e-01
-1.943669928421963844e-01
-2.029555358973816614e-01
-2.330302801932117307e-01
-2.451673074001425867e-01
-2.134608330674801491e-01
-2.143779641712511841e-01
-2.076409006400120050e-01
-2.527988921965942937e-01
-1.927540896163899287e-01
-2.068534990652088346e-01
-2.086600309588612367e-01
-1.943544993212743821e-01
-2.435662781818239697e-01
-2.692198534149722322e-01
-2.651460909770027574e-01
-1.736329615497536338e-01
-2.405308071529601022e-01
-1.905588416825056419e-01
-2.091603396163899675e-01
-2.267272545151990948e-01
-1.726621642653182465e-01
-1.951295977464712339e-01
-4.898031917508126054e-01
-5.102144208993215635e-01
-3.455792761949991743e-01
-2.729864869613499168e-01
-4.339699922604339788e-01
-3.762787033891233368e-01
-2.612123343485289739e-01
-2.816916115809571797e-01
-3.765296470016292196e-01
-3.882354007047024713e-01
-3.491660704983717833e-01
-3.627840425745632036e-01
-2.193564287408256708e-01
-3.527226174893574595e-01
-2.723220536699463845e-01
-4.547427966925569054e-01
-3.034959936760606158e-01
-2.529565485533157854e-01
-3.730031826631222125e-01
-2.392812132233231304e-01
-2.163751213112476424e-01
-3.495955156232072314e-01
-2.863755023377159703e-01
-4.432176491450007250e-01
-5.768361512804275337e-01
-3.216391336984187332e-01
-2.715800045344799463e-01
-3.741118403506712431e-01
-4.094113651036547230e-01
-3.065291391695713630e-01
-4.155307051304680810e-01
-3.212057012815488499e-01
-1.854929011678624062e-01
-1.672711871454204413e-01
-1.520234383431981473e-01
-1.805858923645385916e-01
-2.029598425796133587e-01
-1.809053483271141904e-01
-2.274781176958619588e-01
-1.780999149446830243e-01
-1.629127599920134339e-01
-1.797419649746324344e-01
-2.311585410907388005e-01
-1.781785409019278066e-01
-1.807209387005211387e-01
-2.797147913072038361e-01
-2.076650648584904835e-01
-2.310703238298461026e-01
-1.923752851102420447e-01
-1.779779828856915547e-01
-1.675433225611338561e-01
-1.780153064442752675e-01
-2.096006588334003717e-01
-2.018601005466626463e-01
-2.433402549487587996e-01
-3.514103450484687974e-01
-2.326572096151146296e-01
-2.450107778036560435e-01
-1.857999939507828380e-01
-2.084772092984374381e-01
-1.927248712549493315e-01
-1.742087126660411267e-01
-2.406809587278732621e-01
-2.476880614237503830e-01
-2.516301061489755742e-01
-1.948681249413582450e-01
-1.787703883875824962e-01
-1.954016402347657777e-01
-2.078800384399154821e-01
-1.600234135907985245e-01
-3.096790261032054126e-01
-3.265803191502555380e-01
-1.908295577557433398e-01
-1.973255590955989569e-01
-2.528017305577713314e-01
-1.750717736556843818e-01
-2.126752311626065040e-01
-2.163697776875825318e-01
-2.706086752499576864e-01
-1.906657942285636953e-01
-3.469724369336947833e-01
-4.293578712567510669e-01
-3.613788218311124179e-01
-1.812036164963879703e-01
-1.754209110241673475e-01
-1.926497221737708543e-01
-4.253491050790323413e-01
-2.928341163593376484e-01
-5.247709918724039468e-01
-3.671213630430106289e-01
-4.022548321529389459e-01
-4.039738778171907407e-01
-1.971052209813592693e-01
-2.165290896163899192e-01
-2.354494148196419889e-01
-1.900985607101874919e-01
-1.840188533959175032e-01
-2.021290896163899509e-01
-1.620627164958388100e-01
-2.317832356498886470e-01
-1.845420977464712342e-01
-2.029355412292931649e-01
-4.357013135319986463e-01
-4.111782493913749836e-01
-1.936704911573332022e-01
-2.011955885500076868e-01
-2.756638582254983261e-01
-1.771933407754304468e-01
-4.476871988691114579e-01
-6.563912140484237101e-01
-4.528538763248904919e-01
-1.895403959430676522e-01
-4.096911902516626180e-01
-3.602833718186854162e-01
-4.001764382637967299e-01
-4.754279511430158922e-01
-1.980457289868125526e-01
-3.296454694934560781e-01
-5.409186431929187133e-01
-3.214310905981693778e-01
-4.451637508911692187e-01
-2.935646912207232062e-01
-4.295494112733329040e-01
-3.331689247771342788e-01
-2.068620811729722231e-01
-4.190708690286349958e-01
-5.773963387322436080e-01
-5.940594714333780058e-01
-4.283928043051695167e-01
-7.223245680501246824e-01
-4.963739798900648204e-01
-4.386490783347815059e-01
-6.514636226617015469e-01
-2.324473953175255070e-01
-3.492707518741433037e-01
-3.437547944059337057e-01
-6.567793969691858580e-01
-6.710914503237861428e-01
-6.472649215871351114e-01
-4.984633115414790483e-01
-6.427069992022996781e-01
-7.341220693685533982e-01
-4.489451711149650137e-01
-6.858827824654649685e-01
-5.434410757029032313e-01
-5.026503789314505921e-01
-4.888617386227894213e-01
-1.847602795646530460e-01
-4.828786200341667612e-01
-6.543061877386866509e-01
-3.882894183155622403e-01
-5.339501000380864060e-01
-1.762514195809715689e-01
-1.352829759554942668e-01
-1.666950512553095620e-01
-1.557954524925707629e-01
-1.465003450842558286e-01
-2.094752840525722637e-01
-1.391822342156962822e-01
-2.202052109454363527e-01
-1.534200202619576403e-01
-1.774355630388193550e-01
-1.716555954416295049e-01
-1.684628397897485197e-01
-2.246694069131635607e-01
-2.151592748856843984e-01
-3.026348356448767540e-01
-3.682081377400928113e-01
-3.179354895339289722e-01
-1.800785237491565050e-01
-2.408982521461638382e-01
-1.605613524320765040e-01
-1.627299219589939949e-01
-4.370522709766295755e-01
-5.533635662260437682e-01
-1.766074927160816710e-01
-3.697458540933606930e-01
-5.157826319152633010e-01
-4.543846608369543350e-01
-5.379803225270525235e-01
-4.245806585202815953e-01
-2.902031327399636207e-01
-3.797407403026796802e-01
-5.045119233250873192e-01
-4.514329062070636667e-01
-3.840853447352566841e-01
-3.589804190852282084e-01
-5.161431579719755192e-01
-4.729475760284908570e-01
-4.375028550296828911e-01
-5.419843189872742828e-01
-4.626150833780383609e-01
-3.538280885286423372e-01
-3.390672477449603317e-01
-4.399655902010199959e-01
-3.551329614944076507e-01
-3.911784198061789009e-01
-2.467652020618644748e-01
-2.497112705263841437e-01
-4.830426306747505061e-01
-2.004657849991893781e-01
-5.549594340900071421e-01
-3.434501243068549536e-01
-5.792198999042742491e-01
-1.672795658634765870e-01
-4.371830793955905348e-01
-4.363728162707431468e-01
-4.567395339607633886e-01
-5.536736501583848780e-01
-4.495647630943593320e-01
-6.079359514212889781e-01
-5.937159652795428455e-01
-2.021290896163899509e-01
-2.161786763932494471e-01
-2.069677992938093181e-01
-2.069555358973816650e-01
-2.029164911911930935e-01
-2.029103396163899620e-01
-2.389558172586663809e-01
-2.776914659748203063e-01
-2.036904546150857809e-01
-2.005290896163899605e-01
-6.157443114321298205e-01
-2.029026433353982029e-01
-4.381275287215729008e-01
-2.103935524263072787e-01
-1.822943788725882863e-01
-3.188933742484623690e-01
-4.511947352764910102e-01
-5.586728262595181960e-01
-2.925054628075963170e-01
-3.070233145974892719e-01
-5.354437421933627705e-01
-6.483662290033584963e-01
-6.038314850125492406e-01
-6.395808852115461018e-01
-3.037074589682002279e-01
-2.293482230037933722e-01
-6.413768973925839667e-01
-7.126207501768812014e-01
-7.178704070278781879e-01
-6.445227883041871886e-01
-6.968062230714321403e-01
-7.798750623238195345e-01
-2.407044721390557973e-01
-5.910657492307367367e-01
-7.764178245514615773e-01
-7.503198581086825136e-01
-7.588950313048202778e-01
-7.230783333654182687e-01
-8.157844765328439163e-01
-8.086757921944839334e-01
-8.678392322877737097e-01
-8.230374896040568711e-01
-8.661165574615307117e-01
-7.854574280868208414e-01
-8.170247511161312648e-01
-8.015483926753818045e-01
-8.757328536344175518e-01
-8.820512319661431011e-01
-8.526870607954816217e-01
-8.716583470220415908e-01
-8.676075544072953116e-01
-8.113887477713090934e-01
-8.081216099044097323e-01
-8.215185887299224499e-01
-8.527353630833414133e-01
-3.758120108686506811e-01
-8.483302057404541463e-01
-8.345319104520937392e-01
-7.375809576570717674e-01
-7.527173774155071495e-01
-1.736811212972901031e-01
-2.041539710993430512e-01
-1.809568503017256469e-01
-1.820960736306117267e-01
-1.658610030084982645e-01
-1.671317462542050158e-01
-1.750343876035984625e-01
-2.370789241732768338e-01
-1.455284692779429123e-01
-1.784927546016665256e-01
-3.436522095220787554e-01
-4.627918815760820870e-01
-1.761660987566320002e-01
-1.614225090130422535e-01
-3.832011877084284257e-01
-3.414342276382901775e-01
-2.454191259292368699e-01
-5.126736915760184976e-01
-6.401691389561893208e-01
-1.867658752709706049e-01
-2.779479143871306790e-01
-2.940825009648856403e-01
-2.923982573499516735e-01
-3.129938812810224569e-01
-3.965680702700616345e-01
-4.893814690457697902e-01
-3.955764580354267368e-01
-1.922745881264833201e-01
-3.153633351413945851e-01
-4.559007412969982020e-01
-3.439518157082471772e-01
-3.971056608424666790e-01
-7.494595781870337925e-01
-3.241332893576825414e-01
-3.571949944171314284e-01
-3.429065681459012027e-01
-5.106237199254690662e-01
-3.987597734790148674e-01
-3.673131616165312696e-01
-6.419877185312058421e-01
-6.011429765968766548e-01
-4.688591755862351884e-01
-1.643005963969399741e-01
-6.689904972972875452e-01
-4.392257787833583893e-01
-5.935703903576713403e-01
-2.396327957877597559e-01
-6.699993364216353386e-01
-6.625803293809952033e-01
-5.561412346016103569e-01
-5.761585116223707503e-01
-3.507931309067155445e-01
-5.771400804929782691e-01
-5.352968725643392212e-01
-5.772230770842765590e-01
-6.293694300455185964e-01
-6.971711371225013387e-01
-7.373015017313558905e-01
-3.668249238759692665e-01
-5.266394576671503680e-01
-1.925342498663395463e-01
-1.370322012592515015e-01
-2.044330416248516524e-01
-1.462341426521158450e-01
-1.981696259937025251e-01
-1.839951662741630689e-01
-1.901335862428662760e-01
-2.174848884694913775e-01
-1.858704761716786780e-01
-2.293639872480242037e-01
-1.902940550088207117e-01
-1.617822584805116981e-01
-1.784291198522294786e-01
-1.257244002771827629e-01
-2.021290896163899509e-01
-6.207703112101203846e-01
-2.153832223025101134e-01
-3.466458758896823200e-01
-4.870120183901710531e-01
-4.180808923528037679e-01
-6.411573447087178801e-01
-6.069882907085264456e-01
-4.004683133207881385e-01
-2.757010433709152775e-01
-2.547897343778125490e-01
-3.174594338006034855e-01
-3.316708983471509664e-01
-3.989055435742069888e-01
-5.715177621660961771e-01
-5.881457962226867009e-01
-4.949110426366724047e-01
-6.074567159501549352e-01
-4.790112162504057136e-01
-5.700646435815481805e-01
-7.010437772765109044e-01
-7.501847016960041525e-01
-6.612974703776365315e-01
-5.658867147236292805e-01
-7.767261204055121437e-01
-5.857514521619959780e-01
-7.378492955028266298e-01
-2.129284152435905464e-01
-6.871206307391071189e-01
-6.112591401812087488e-01
-5.650278636514631803e-01
-2.119247616912723620e-01
-3.653196784808262487e-01
-4.932639267958650042e-01
-7.652628930366878190e-01
-6.938847069858681271e-01
-5.169371412094559970e-01
-7.580649686216233141e-01
-7.094308477975427296e-01
-7.524361439791716899e-01
-7.893121220358991774e-01
-6.952919262595421701e-01
-5.152181794346336607e-01
-7.070402189771564094e-01
-6.852048701979838174e-01
-6.380103485082424530e-01
-2.149365572570522132e-01
-1.067348399450889912e-01
-1.739711097393827899e-01
-1.579869943842470703e-01
-1.391981098622689927e-01
-1.482807436266750378e-01
-1.876695592126608747e-01
-2.162661062174625337e-01
-1.746242865260807797e-01
-1.906365468909891892e-01
-1.248307439857913453e-01
-2.736375877349760399e-01
-2.639498677574759755e-01
-2.247576650209661686e-01
-2.048306482497631864e-01
-1.637694333585507922e-01
-2.683237408762085829e-01
-1.707889617354858558e-01
-1.936048626509180859e-01
-2.419103572568121474e-01
-2.566161912641746756e-01
-1.549886291548968065e-01
-2.368353381245933420e-01
-3.205470931671605128e-01
-4.399375405720915566e-01
-5.556158620405990956e-01
-2.545897120377433320e-01
-2.762693741845864137e-01
-2.852232094490471659e-01
-3.363998485145049400e-01
-2.023149436640674370e-01
-2.181835567771397977e-01
-4.950496235212863416e-01
-5.476236845009198051e-01
-4.172441941222494455e-01
-6.615014250122817074e-01
-2.507686955723783528e-01
-1.901142076682935111e-01
-5.166608086904209696e-01
-2.995234487914741894e-01
-6.011021359087056481e-01
-1.636348194525188982e-01
-4.343208907808121522e-01
-5.090426402096491776e-01
-2.469317294839908361e-01
-2.799161235601429487e-01
-6.184444278025834629e-01
-3.367534717423085744e-01
-4.311455669530269708e-01
-4.977237497261503552e-01
-4.359105266814901070e-01
-6.197706373328069063e-01
-4.128373268958373532e-01
-5.684275619263968737e-01
-4.086923958841658933e-01
-4.065972316383574814e-01
-3.437247946374130114e-01
-6.130168269047937546e-01
-3.975155545135011237e-01
-4.142634626866420477e-01
